HST: Hawaii Standard Time (UTC -10:00),Water Temperature (degF),Salinity (PSU),Turbidity (NTU),Chlorophyll (ug/L),Station
2021-02-01 00:01:38,77.72,33.14,2.62,3.47
2021-02-01 00:05:38,77.79,33.06,2.67,4.18
2021-02-01 00:09:38,77.88,32.96,2.45,3.65
2021-02-01 00:13:38,77.73,32.98,2.43,3.36
2021-02-01 00:17:38,77.75,33.00,2.50,3.28
2021-02-01 00:21:38,77.76,32.84,2.33,3.09
2021-02-01 00:25:38,77.69,33.10,2.60,3.49
2021-02-01 00:29:38,77.70,32.97,2.69,4.67
2021-02-01 00:33:38,77.63,33.19,2.47,3.18
2021-02-01 00:37:38,77.70,33.04,2.72,4.29
2021-02-01 00:41:38,77.65,33.04,2.23,2.92
2021-02-01 00:45:38,77.47,33.35,2.26,2.53
2021-02-01 00:49:38,77.61,33.03,2.38,3.18
2021-02-01 00:53:38,77.56,33.16,2.11,2.59
2021-02-01 00:57:38,77.47,33.15,2.21,2.94
2021-02-01 01:01:38,77.51,32.87,2.18,2.67
2021-02-01 01:05:38,77.53,32.96,2.31,2.90
2021-02-01 01:09:38,77.37,33.25,2.13,2.35
2021-02-01 01:13:38,77.54,32.93,2.23,2.73
2021-02-01 01:17:38,77.50,32.97,2.33,2.88
2021-02-01 01:21:38,77.53,33.35,2.35,2.86
2021-02-01 01:25:38,77.47,33.32,2.26,2.80
2021-02-01 01:29:38,77.55,33.32,2.31,2.74
2021-02-01 01:33:38,77.61,33.24,2.40,2.97
2021-02-01 01:37:38,77.59,33.42,2.35,3.10
2021-02-01 01:41:38,77.59,33.41,2.33,2.96
2021-02-01 01:45:38,77.52,33.34,2.55,3.76
2021-02-01 01:49:38,77.56,33.33,2.23,2.82
2021-02-01 01:53:38,77.52,33.27,2.38,3.06
2021-02-01 01:57:38,77.59,33.04,2.33,3.03
2021-02-01 02:01:38,77.56,33.16,2.33,2.96
2021-02-01 02:05:38,77.47,33.28,2.35,2.85
2021-02-01 02:09:38,77.69,33.03,2.28,3.21
2021-02-01 02:13:38,77.62,33.20,2.50,3.23
2021-02-01 02:17:38,77.40,33.26,2.33,3.14
2021-02-01 02:21:38,77.53,33.14,2.35,3.01
2021-02-01 02:25:38,77.46,33.21,2.21,2.90
2021-02-01 02:29:38,77.36,33.26,2.18,2.86
2021-02-01 02:33:38,77.37,33.21,2.31,3.17
2021-02-01 02:37:38,77.40,33.45,2.09,2.55
2021-02-01 02:41:38,77.44,33.19,2.13,2.52
2021-02-01 02:45:38,77.45,33.05,2.09,2.42
2021-02-01 02:49:38,77.41,33.25,2.13,2.60
2021-02-01 02:53:38,77.42,33.17,2.11,2.43
2021-02-01 02:57:38,77.43,33.15,2.23,2.22
2021-02-01 03:01:38,77.41,33.35,2.01,2.29
2021-02-01 03:05:38,77.45,33.01,2.01,2.19
2021-02-01 03:09:38,77.43,33.09,2.04,2.06
2021-02-01 03:13:38,77.47,33.23,2.09,2.26
2021-02-01 03:17:38,77.67,33.37,2.33,2.73
2021-02-01 03:21:38,77.54,33.08,1.99,2.23
2021-02-01 03:25:38,77.59,33.22,2.06,2.37
2021-02-01 03:29:38,77.67,33.26,1.99,2.32
2021-02-01 03:33:38,77.68,33.30,2.09,2.50
2021-02-01 03:37:38,77.66,33.28,1.94,2.19
2021-02-01 03:41:38,77.62,33.27,2.01,2.41
2021-02-01 03:45:38,77.67,33.33,2.11,2.57
2021-02-01 03:49:38,77.64,33.21,2.08,2.37
2021-02-01 03:53:38,77.67,33.30,2.28,2.87
2021-02-01 03:57:38,77.59,33.75,2.28,3.52
2021-02-01 04:01:38,77.74,33.33,2.40,3.23
2021-02-01 04:05:38,77.71,33.35,2.42,3.25
2021-02-01 04:09:38,77.66,33.41,2.31,2.86
2021-02-01 04:13:38,77.63,33.66,2.48,3.55
2021-02-01 04:17:38,77.61,33.41,2.60,3.49
2021-02-01 04:21:38,77.67,33.31,2.21,3.20
2021-02-01 04:25:38,77.64,33.43,2.43,3.45
2021-02-01 04:29:38,77.64,33.40,2.41,3.63
2021-02-01 04:33:38,77.63,33.38,2.04,3.44
2021-02-01 04:37:38,77.61,33.56,2.48,3.61
2021-02-01 04:41:38,77.67,33.31,2.30,3.04
2021-02-01 04:45:38,77.61,33.60,2.28,3.60
2021-02-01 04:49:38,77.62,33.48,2.26,3.32
2021-02-01 04:53:38,77.61,33.28,2.28,3.28
2021-02-01 04:57:38,77.49,33.90,2.43,3.43
2021-02-01 05:01:38,77.58,33.45,2.23,3.19
2021-02-01 05:05:38,77.56,33.40,2.48,3.18
2021-02-01 05:09:38,77.53,33.78,2.43,3.53
2021-02-01 05:13:38,77.56,33.68,2.30,3.49
2021-02-01 05:17:38,77.61,33.60,2.33,3.44
2021-02-01 05:21:38,77.63,33.42,2.47,3.30
2021-02-01 05:25:38,77.62,33.75,2.60,3.52
2021-02-01 05:29:38,77.63,33.70,2.30,3.57
2021-02-01 05:33:38,77.66,33.43,2.16,3.12
2021-02-01 05:37:38,77.55,33.41,2.62,3.13
2021-02-01 05:41:38,77.66,33.84,3.07,4.03
2021-02-01 05:45:38,77.63,33.63,2.16,3.27
2021-02-01 05:49:38,77.63,33.64,2.23,3.16
2021-02-01 05:53:38,77.64,33.85,2.42,3.72
2021-02-01 05:57:38,77.63,33.92,2.87,4.44
2021-02-01 06:01:38,77.60,33.45,2.35,3.26
2021-02-01 06:05:38,77.57,33.58,2.53,3.27
2021-02-01 06:09:38,77.62,33.86,3.16,4.42
2021-02-01 06:13:38,77.55,33.52,2.23,3.33
2021-02-01 06:17:38,77.57,33.72,3.14,3.92
2021-02-01 06:21:38,77.53,33.47,2.04,2.93
2021-02-01 06:25:38,77.54,33.55,2.57,3.43
2021-02-01 06:29:38,77.58,33.89,2.89,3.95
2021-02-01 06:33:38,77.55,33.50,2.08,3.25
2021-02-01 06:37:38,77.57,33.28,2.11,2.74
2021-02-01 06:41:38,77.56,33.85,2.21,3.54
2021-02-01 06:45:38,77.56,33.80,3.14,4.19
2021-02-01 06:49:38,77.55,33.38,2.28,3.35
2021-02-01 06:53:38,77.52,33.30,2.16,3.26
2021-02-01 06:57:38,77.55,33.45,2.11,3.38
2021-02-01 07:01:38,77.54,33.51,2.30,3.37
2021-02-01 07:05:38,77.56,33.73,2.82,4.26
2021-02-01 07:09:38,77.53,33.47,2.57,4.36
2021-02-01 07:13:38,77.54,33.44,2.57,4.33
2021-02-01 07:17:38,77.63,33.82,2.82,5.26
2021-02-01 07:21:38,77.61,33.70,2.60,4.83
2021-02-01 07:25:38,77.54,33.55,2.60,4.75
2021-02-01 07:29:38,77.61,33.82,2.75,5.15
2021-02-01 07:33:38,77.61,33.84,2.62,5.04
2021-02-01 07:37:38,77.60,33.84,2.70,5.20
2021-02-01 07:41:38,77.58,33.88,2.77,4.90
2021-02-01 07:45:38,77.60,34.01,2.72,4.61
2021-02-01 07:49:38,77.60,33.97,2.72,4.52
2021-02-01 07:53:38,77.51,33.76,2.89,4.76
2021-02-01 07:57:38,77.55,34.00,2.55,4.59
2021-02-01 08:01:38,77.51,33.62,2.60,4.50
2021-02-01 08:05:38,77.52,33.75,3.14,4.51
2021-02-01 08:09:38,77.56,34.03,2.75,4.03
2021-02-01 08:13:38,77.34,33.82,2.67,4.52
2021-02-01 08:17:38,77.52,33.71,2.89,4.67
2021-02-01 08:21:38,77.52,33.71,2.84,4.21
2021-02-01 08:25:38,77.53,33.92,2.69,4.11
2021-02-01 08:29:38,77.54,33.78,2.70,4.07
2021-02-01 08:33:38,77.43,33.37,2.55,4.09
2021-02-01 08:37:38,77.54,34.06,3.07,3.88
2021-02-01 08:41:38,77.61,33.89,2.60,4.07
2021-02-01 08:45:38,77.45,33.37,2.33,4.25
2021-02-01 08:49:38,77.57,33.79,2.65,4.19
2021-02-01 08:53:38,77.31,32.50,2.58,4.15
2021-02-01 08:57:38,77.49,33.46,2.38,4.19
2021-02-01 09:01:38,77.39,33.09,2.23,3.82
2021-02-01 09:05:38,77.36,32.78,2.65,3.64
2021-02-01 09:09:38,77.40,33.00,2.48,3.37
2021-02-01 09:13:38,77.55,33.61,2.50,3.53
2021-02-01 09:17:38,77.36,32.98,2.52,3.75
2021-02-01 09:21:38,77.29,32.80,2.58,4.04
2021-02-01 09:25:38,77.29,33.02,2.33,3.79
2021-02-01 09:29:38,77.34,33.08,2.18,3.34
2021-02-01 09:33:38,77.36,33.14,2.35,2.97
2021-02-01 09:37:38,77.34,32.94,2.70,3.87
2021-02-01 09:41:38,77.36,33.00,3.04,3.23
2021-02-01 09:45:38,77.42,32.95,2.35,2.92
2021-02-01 09:49:38,77.48,32.77,2.69,3.89
2021-02-01 09:53:38,77.49,33.06,2.53,3.55
2021-02-01 09:57:38,77.64,32.69,3.26,3.75
2021-02-01 10:01:38,77.51,33.13,2.40,3.21
2021-02-01 10:05:38,77.44,33.12,3.19,3.06
2021-02-01 10:09:38,77.49,32.96,3.24,3.06
2021-02-01 10:13:38,77.44,33.45,2.79,2.98
2021-02-01 10:17:38,77.46,33.20,3.29,3.64
2021-02-01 10:21:38,77.48,33.67,2.90,3.59
2021-02-01 10:25:38,77.34,32.43,7.37,4.24
2021-02-01 10:29:38,78.01,32.40,3.59,4.37
2021-02-01 10:33:38,77.72,33.08,3.35,3.82
2021-02-01 10:37:38,77.68,33.25,3.02,3.73
2021-02-01 10:41:38,77.72,32.73,3.40,4.63
2021-02-01 10:45:38,77.65,32.99,3.45,3.90
2021-02-01 10:49:38,77.59,33.20,4.54,3.67
2021-02-01 10:53:38,77.57,33.27,4.46,3.99
2021-02-01 10:57:38,77.47,32.97,4.02,4.29
2021-02-01 11:01:38,77.56,32.10,8.07,5.01
2021-02-01 11:05:38,77.95,32.82,7.47,4.65
2021-02-01 11:09:38,77.86,32.87,4.59,4.90
2021-02-01 11:13:38,78.19,32.61,4.75,5.81
2021-02-01 11:17:38,77.86,33.10,4.98,5.03
2021-02-01 11:21:38,77.62,32.92,5.85,5.97
2021-02-01 11:25:38,77.55,33.32,5.08,4.30
2021-02-01 11:29:38,77.56,33.48,4.71,4.17
2021-02-01 11:33:38,77.61,32.98,6.09,5.81
2021-02-01 11:37:38,77.57,33.56,4.98,5.32
2021-02-01 11:41:38,77.57,33.67,4.75,5.00
2021-02-01 11:45:38,77.61,32.90,5.80,5.51
2021-02-01 11:49:38,77.76,32.78,5.13,6.28
2021-02-01 11:53:38,77.72,33.26,5.03,6.09
2021-02-01 11:57:38,77.84,32.81,5.22,5.97
2021-02-01 12:01:38,77.77,33.11,5.76,5.36
2021-02-01 12:05:38,77.91,32.00,5.20,5.78
2021-02-01 12:09:38,77.95,32.57,5.05,6.77
2021-02-01 12:13:38,77.85,32.61,4.89,5.65
2021-02-01 12:17:38,77.77,33.07,5.02,5.80
2021-02-01 12:21:38,77.71,33.36,5.10,6.05
2021-02-01 12:25:38,77.91,32.87,4.86,6.09
2021-02-01 12:29:38,77.92,32.27,4.80,5.89
2021-02-01 12:33:38,77.81,33.07,5.29,6.32
2021-02-01 12:37:38,77.97,32.28,5.44,6.13
2021-02-01 12:41:38,78.22,32.01,5.75,6.84
2021-02-01 12:45:38,78.13,32.50,5.90,6.71
2021-02-01 12:49:38,78.22,32.52,5.46,6.33
2021-02-01 12:53:38,78.00,32.82,5.53,6.61
2021-02-01 12:57:38,78.19,32.64,5.46,6.20
2021-02-01 13:01:38,78.19,32.69,5.29,6.87
2021-02-01 13:05:38,78.17,32.79,5.58,7.46
2021-02-01 13:09:38,78.16,33.00,5.60,6.83
2021-02-01 13:13:38,78.13,33.15,6.14,7.52
2021-02-01 13:17:38,78.15,33.33,6.47,7.11
2021-02-01 13:21:38,78.15,33.07,6.09,6.87
2021-02-01 13:25:38,78.08,33.35,5.87,7.81
2021-02-01 13:29:38,78.33,32.91,5.68,8.40
2021-02-01 13:33:38,78.05,33.47,6.54,8.28
2021-02-01 13:37:38,78.15,33.35,6.11,7.66
2021-02-01 13:41:38,78.28,33.02,4.91,7.81
2021-02-01 13:45:38,77.96,33.51,6.36,7.57
2021-02-01 13:49:38,78.17,32.98,4.50,7.16
2021-02-01 13:53:38,78.13,33.05,4.96,7.44
2021-02-01 13:57:38,77.91,33.56,5.00,7.10
2021-02-01 14:01:38,77.96,33.45,5.17,7.07
2021-02-01 14:05:38,78.06,33.36,5.66,7.76
2021-02-01 14:09:38,78.05,32.79,4.61,7.16
2021-02-01 14:13:38,77.96,33.39,3.90,6.43
2021-02-01 14:17:38,78.02,33.40,4.23,6.55
2021-02-01 14:21:38,78.04,33.14,4.47,6.34
2021-02-01 14:25:38,78.02,33.41,4.91,6.77
2021-02-01 14:29:38,77.99,33.37,4.25,7.20
2021-02-01 14:33:38,77.88,32.93,3.97,6.87
2021-02-01 14:37:38,77.95,33.36,5.34,7.78
2021-02-01 14:41:38,77.96,33.09,4.04,7.09
2021-02-01 14:45:38,77.92,32.98,4.35,7.29
2021-02-01 14:49:38,77.92,33.22,5.22,7.41
2021-02-01 14:53:38,77.93,32.74,3.63,7.73
2021-02-01 14:57:38,77.93,32.81,4.04,7.66
2021-02-01 15:01:38,77.92,32.78,2.72,7.38
2021-02-01 15:05:38,77.86,32.70,3.19,7.21
2021-02-01 15:09:38,77.91,32.85,3.73,7.49
2021-02-01 15:13:38,77.91,32.72,3.31,7.56
2021-02-01 15:17:38,77.88,32.76,3.52,7.54
2021-02-01 15:21:38,77.92,32.99,3.01,7.49
2021-02-01 15:25:38,77.90,32.87,3.30,7.88
2021-02-01 15:29:38,77.88,32.79,3.64,9.15
2021-02-01 15:33:38,77.93,33.08,4.19,7.94
2021-02-01 15:37:38,77.93,33.02,3.97,7.92
2021-02-01 15:41:38,77.91,33.17,4.37,7.95
2021-02-01 15:45:38,77.90,33.31,4.37,8.25
2021-02-01 15:49:38,77.99,32.86,3.95,8.04
2021-02-01 15:53:38,77.86,33.18,4.39,6.67
2021-02-01 15:57:38,77.88,33.14,3.52,7.26
2021-02-01 16:01:38,77.91,32.83,3.42,9.80
2021-02-01 16:05:38,77.89,32.76,3.83,8.85
2021-02-01 16:09:38,77.89,33.05,3.59,8.56
2021-02-01 16:13:38,77.89,33.14,3.45,7.81
2021-02-01 16:17:38,77.90,32.89,3.59,8.80
2021-02-01 16:21:38,77.91,32.99,3.71,9.98
2021-02-01 16:25:38,77.96,32.82,3.83,8.88
2021-02-01 16:29:38,77.94,33.11,3.59,8.17
2021-02-01 16:33:38,77.93,33.36,3.80,9.44
2021-02-01 16:37:38,78.00,32.78,4.18,11.79
2021-02-01 16:41:38,77.92,33.25,3.97,9.56
2021-02-01 16:45:38,77.91,33.27,3.73,9.35
2021-02-01 16:49:38,77.98,33.07,3.37,8.94
2021-02-01 16:53:38,77.92,32.83,3.83,9.03
2021-02-01 16:57:38,77.77,32.70,3.47,8.67
2021-02-01 17:01:38,77.74,32.74,3.35,9.34
2021-02-01 17:05:38,77.89,33.31,3.01,9.40
2021-02-01 17:09:38,77.90,32.99,2.99,9.37
2021-02-01 17:13:38,77.89,33.03,3.42,9.34
2021-02-01 17:17:38,77.86,32.93,3.19,9.72
2021-02-01 17:21:38,77.85,33.10,3.31,9.66
2021-02-01 17:25:38,77.79,32.85,3.33,8.79
2021-02-01 17:29:38,77.87,33.15,3.37,10.29
2021-02-01 17:33:38,78.05,32.79,2.89,8.40
2021-02-01 17:37:38,77.85,33.02,3.09,9.67
2021-02-01 17:41:38,77.87,33.04,3.09,8.46
2021-02-01 17:45:38,77.83,33.07,2.84,8.59
2021-02-01 17:49:38,77.21,32.66,2.18,8.11
2021-02-01 17:53:38,77.64,32.96,2.50,9.34
2021-02-01 17:57:38,77.56,32.97,2.55,9.00
2021-02-01 18:01:38,77.46,32.99,2.41,8.40
2021-02-01 18:05:38,77.65,33.09,3.06,7.37
2021-02-01 18:09:38,77.62,33.11,2.50,8.62
2021-02-01 18:13:38,77.60,33.09,3.26,9.45
2021-02-01 18:17:38,77.77,33.27,2.82,8.31
2021-02-01 18:21:38,77.77,33.29,2.87,8.49
2021-02-01 18:25:38,77.51,33.47,8.04,7.43
2021-02-01 18:29:38,77.45,33.13,18.13,5.06
2021-02-01 18:33:38,77.49,32.98,11.29,5.16
2021-02-01 18:37:38,77.46,33.50,9.89,5.30
2021-02-01 18:41:38,77.49,33.09,8.94,4.97
2021-02-01 18:45:38,77.50,33.00,9.65,3.89
2021-02-01 18:49:38,77.46,33.22,7.42,4.19
2021-02-01 18:53:38,77.47,32.96,6.81,3.94
2021-02-01 18:57:38,77.46,32.95,5.17,4.42
2021-02-01 19:01:38,77.47,33.02,6.26,3.95
2021-02-01 19:05:38,77.45,33.34,6.91,4.19
2021-02-01 19:09:38,77.43,32.66,5.73,4.20
2021-02-01 19:13:38,77.44,32.81,5.27,4.07
2021-02-01 19:17:38,77.46,33.13,5.75,4.05
2021-02-01 19:21:38,77.46,32.58,4.75,4.13
2021-02-01 19:25:38,77.49,32.85,3.57,4.32
2021-02-01 19:29:38,77.39,32.49,2.41,5.32
2021-02-01 19:33:38,77.42,32.59,2.13,5.68
2021-02-01 19:37:38,77.46,33.10,2.50,5.62
2021-02-01 19:41:38,77.45,32.97,2.45,4.20
2021-02-01 19:45:38,77.32,32.38,2.26,4.90
2021-02-01 19:49:38,77.50,32.81,2.15,5.13
2021-02-01 19:53:38,77.38,32.68,2.65,4.75
2021-02-01 19:57:38,77.40,32.90,2.38,4.58
2021-02-01 20:01:38,77.38,32.86,2.89,5.08
2021-02-01 20:05:38,77.43,32.72,2.35,4.49
2021-02-01 20:09:38,77.46,33.24,3.45,5.15
2021-02-01 20:13:38,77.37,32.66,2.84,4.80
2021-02-01 20:17:38,77.36,32.58,3.42,4.76
2021-02-01 20:21:38,77.41,33.01,2.40,4.35
2021-02-01 20:25:38,77.47,33.35,2.87,5.15
2021-02-01 20:29:38,77.49,32.94,2.58,4.78
2021-02-01 20:33:38,77.45,32.85,2.11,4.64
2021-02-01 20:37:38,77.47,32.94,2.55,5.76
2021-02-01 20:41:38,77.54,33.06,2.38,5.72
2021-02-01 20:45:38,77.51,33.08,2.40,5.40
2021-02-01 20:49:38,77.54,33.13,3.14,5.05
2021-02-01 20:53:38,77.56,33.17,2.85,5.47
2021-02-01 20:57:38,77.49,32.95,2.60,5.32
2021-02-01 21:01:38,77.57,33.32,2.87,4.40
2021-02-01 21:05:38,77.57,33.20,2.99,4.66
2021-02-01 21:09:38,77.59,33.23,2.47,5.00
2021-02-01 21:13:38,77.60,33.27,2.45,5.26
2021-02-01 21:17:38,77.49,33.10,2.52,4.97
2021-02-01 21:21:38,77.49,33.13,2.57,4.71
2021-02-01 21:25:38,77.48,33.09,2.35,4.89
2021-02-01 21:29:38,77.52,33.14,2.06,3.64
2021-02-01 21:33:38,77.59,33.20,2.50,3.92
2021-02-01 21:37:38,77.12,32.34,2.55,3.66
2021-02-01 21:41:38,77.57,33.24,2.57,4.44
2021-02-01 21:45:38,77.44,32.93,2.31,3.67
2021-02-01 21:49:38,77.16,32.38,2.87,3.37
2021-02-01 21:53:38,77.66,33.41,2.11,4.58
2021-02-01 21:57:38,77.33,32.78,2.90,3.65
2021-02-01 22:01:38,77.31,32.82,2.50,3.78
2021-02-01 22:05:38,77.58,33.25,2.47,5.77
2021-02-01 22:09:38,77.81,32.65,2.23,3.57
2021-02-01 22:13:38,77.69,32.85,2.41,3.19
2021-02-01 22:17:38,77.69,32.94,3.26,6.03
2021-02-01 22:21:38,77.89,32.87,3.11,5.86
2021-02-01 22:25:38,77.92,32.94,3.52,6.32
2021-02-01 22:29:47,77.92,33.04,3.29,6.58
2021-02-01 22:33:38,77.69,33.21,3.43,7.06
2021-02-01 22:37:38,77.85,33.23,3.09,6.30
2021-02-01 22:41:38,77.84,33.26,2.99,5.62
2021-02-01 22:45:38,77.85,33.36,3.19,7.33
2021-02-01 22:49:38,77.88,33.33,3.31,6.15
2021-02-01 22:53:38,77.86,33.40,3.31,6.66
2021-02-01 22:57:38,77.85,33.43,3.29,6.03
2021-02-01 23:01:38,77.85,33.17,3.04,5.65
2021-02-01 23:05:38,77.84,33.22,4.42,5.37
2021-02-01 23:09:38,77.73,33.56,3.61,6.55
2021-02-01 23:13:38,77.86,33.44,3.09,6.32
2021-02-01 23:17:38,77.77,32.99,2.84,3.20
2021-02-01 23:21:38,77.81,33.18,3.29,5.70
2021-02-01 23:25:38,77.81,33.26,3.14,6.18
2021-02-01 23:29:38,77.83,33.29,3.11,6.20
2021-02-01 23:33:38,77.83,33.23,2.74,3.76
2021-02-01 23:37:38,77.78,33.23,2.99,5.30
2021-02-01 23:41:38,77.84,33.50,3.51,6.76
2021-02-01 23:45:38,77.78,33.71,3.85,6.92
2021-02-01 23:49:38,77.65,33.00,3.88,3.46
2021-02-01 23:53:38,77.69,33.18,2.21,3.21
2021-02-01 23:57:38,77.76,33.57,3.16,6.95
2021-02-02 00:01:38,77.72,33.26,4.08,4.77
2021-02-02 00:05:38,77.75,33.39,4.86,5.86
2021-02-02 00:09:38,77.66,32.73,3.92,5.51
2021-02-02 00:13:38,77.72,32.64,4.66,5.90
2021-02-02 00:17:38,77.72,33.48,3.66,6.19
2021-02-02 00:21:38,77.83,33.35,4.28,6.49
2021-02-02 00:25:38,77.97,33.36,5.15,7.08
2021-02-02 00:29:38,77.98,33.37,5.12,7.52
2021-02-02 00:33:38,77.92,33.38,4.45,6.53
2021-02-02 00:37:38,77.78,33.70,4.46,7.47
2021-02-02 00:41:38,77.76,33.66,4.09,7.36
2021-02-02 00:45:38,77.83,33.29,4.66,6.44
2021-02-02 00:49:38,77.86,33.74,4.33,6.44
2021-02-02 00:53:38,77.83,33.73,5.17,7.15
2021-02-02 00:57:38,77.81,33.75,4.56,6.47
2021-02-02 01:01:38,77.72,33.24,4.23,5.63
2021-02-02 01:05:38,77.75,33.26,4.56,5.67
2021-02-02 01:09:38,77.75,33.37,4.23,5.44
2021-02-02 01:13:38,77.75,33.66,4.49,7.02
2021-02-02 01:17:38,77.74,33.52,4.39,6.59
2021-02-02 01:21:38,77.74,33.57,4.73,5.30
2021-02-02 01:25:38,77.72,33.47,4.59,6.47
2021-02-02 01:29:38,77.67,33.46,3.26,4.61
2021-02-02 01:33:38,77.70,33.77,4.01,6.88
2021-02-02 01:37:38,77.63,33.34,3.29,4.56
2021-02-02 01:41:38,77.72,33.61,3.14,4.62
2021-02-02 01:45:38,77.69,33.63,2.84,4.74
2021-02-02 01:49:38,77.53,33.21,2.82,4.60
2021-02-02 01:53:38,77.64,33.34,3.24,4.59
2021-02-02 01:57:38,77.56,33.16,3.85,4.84
2021-02-02 02:01:38,77.70,33.61,3.51,5.49
2021-02-02 02:05:38,77.68,33.55,3.28,5.22
2021-02-02 02:09:38,77.47,32.99,2.67,3.50
2021-02-02 02:13:38,77.66,33.56,2.67,4.01
2021-02-02 02:17:38,77.68,33.53,3.09,4.81
2021-02-02 02:21:38,77.64,33.47,3.16,4.49
2021-02-02 02:25:38,77.66,33.55,2.74,4.15
2021-02-02 02:29:38,77.65,33.33,3.66,4.37
2021-02-02 02:33:38,77.56,33.12,3.85,4.15
2021-02-02 02:37:38,77.59,33.21,2.82,4.29
2021-02-02 02:41:38,77.53,33.07,3.47,4.39
2021-02-02 02:45:38,77.60,33.25,3.42,3.87
2021-02-02 02:49:38,77.61,33.35,4.47,4.41
2021-02-02 02:53:38,77.57,33.23,3.19,4.59
2021-02-02 02:57:38,77.59,33.26,2.60,3.26
2021-02-02 03:01:38,77.61,33.16,2.79,3.26
2021-02-02 03:05:38,77.56,33.12,2.80,4.00
2021-02-02 03:09:38,77.56,33.54,2.87,3.07
2021-02-02 03:13:38,77.55,33.63,3.07,4.47
2021-02-02 03:17:38,77.61,33.16,3.83,4.84
2021-02-02 03:21:38,77.62,33.34,3.11,3.98
2021-02-02 03:25:38,77.59,33.47,3.29,5.27
2021-02-02 03:29:38,77.46,33.14,2.84,4.29
2021-02-02 03:33:38,77.53,33.44,2.28,4.83
2021-02-02 03:37:38,77.56,33.34,2.08,4.04
2021-02-02 03:41:38,77.41,33.07,2.80,3.82
2021-02-02 03:45:38,77.53,33.37,2.55,4.31
2021-02-02 03:49:38,77.48,33.26,2.70,3.81
2021-02-02 03:53:38,77.50,33.30,3.19,4.44
2021-02-02 03:57:38,77.61,33.55,3.85,5.45
2021-02-02 04:01:38,77.52,33.79,3.68,5.92
2021-02-02 04:05:38,77.54,33.69,3.37,5.48
2021-02-02 04:09:38,77.53,33.14,3.06,4.34
2021-02-02 04:13:38,77.51,33.36,3.31,3.81
2021-02-02 04:17:38,77.48,33.59,3.42,4.63
2021-02-02 04:21:38,77.49,33.26,3.07,4.60
2021-02-02 04:25:38,77.45,33.18,3.19,4.32
2021-02-02 04:29:38,77.44,33.77,3.11,4.59
2021-02-02 04:33:38,77.45,33.21,3.14,4.49
2021-02-02 04:37:38,77.53,33.23,2.79,4.04
2021-02-02 04:41:38,77.47,33.30,2.99,4.38
2021-02-02 04:45:38,77.43,33.83,3.11,4.58
2021-02-02 04:49:38,77.44,33.69,3.45,4.30
2021-02-02 04:53:38,77.42,33.09,4.02,3.79
2021-02-02 04:57:38,77.44,33.62,3.42,4.14
2021-02-02 05:01:38,77.45,33.65,3.42,4.88
2021-02-02 05:05:38,77.45,33.68,3.06,4.46
2021-02-02 05:09:38,77.46,33.43,2.79,4.24
2021-02-02 05:13:38,77.49,33.53,2.67,4.67
2021-02-02 05:17:38,77.53,33.86,2.87,4.87
2021-02-02 05:21:38,77.46,33.43,2.77,4.38
2021-02-02 05:25:38,77.42,33.14,3.14,3.74
2021-02-02 05:29:38,77.54,33.78,2.87,4.80
2021-02-02 05:33:38,77.48,33.63,2.79,4.81
2021-02-02 05:37:38,77.57,33.91,2.94,4.66
2021-02-02 05:41:38,77.49,33.55,2.60,4.39
2021-02-02 05:45:38,77.41,33.30,2.60,4.27
2021-02-02 05:49:38,77.55,33.72,2.97,4.88
2021-02-02 05:53:38,77.55,33.71,2.50,4.54
2021-02-02 05:57:38,77.38,33.25,2.48,4.39
2021-02-02 06:01:38,77.43,33.46,2.87,4.64
2021-02-02 06:05:38,77.60,33.73,2.21,4.71
2021-02-02 06:09:38,77.40,33.26,2.40,3.81
2021-02-02 06:13:38,77.33,33.12,2.35,3.31
2021-02-02 06:17:38,77.47,33.46,1.96,3.60
2021-02-02 06:21:38,77.44,33.40,2.28,4.48
2021-02-02 06:25:38,77.37,33.19,2.35,4.54
2021-02-02 06:29:38,77.52,33.80,4.04,4.80
2021-02-02 06:33:38,77.32,33.15,3.38,4.23
2021-02-02 06:37:38,77.50,33.81,2.60,4.41
2021-02-02 06:41:38,77.48,33.71,2.33,3.96
2021-02-02 06:45:38,77.08,32.15,6.33,3.03
2021-02-02 06:49:38,77.33,33.16,5.46,3.69
2021-02-02 06:53:38,77.36,33.22,3.73,4.82
2021-02-02 06:57:38,77.27,32.82,4.28,4.25
2021-02-02 07:01:38,77.53,33.72,3.37,5.54
2021-02-02 07:05:38,77.50,33.64,3.97,5.07
2021-02-02 07:09:38,77.45,33.45,4.39,4.75
2021-02-02 07:13:38,77.42,33.64,5.51,4.26
2021-02-02 07:17:38,77.32,33.90,5.87,3.03
2021-02-02 07:21:38,77.12,33.49,6.24,4.21
2021-02-02 07:25:38,77.21,33.66,5.80,3.01
2021-02-02 07:29:38,77.16,33.58,5.01,3.28
2021-02-02 07:33:38,77.16,33.59,4.26,4.40
2021-02-02 07:37:38,77.21,33.87,3.93,4.29
2021-02-02 07:41:38,77.25,33.38,4.16,4.86
2021-02-02 07:45:38,77.23,33.61,4.59,4.36
2021-02-02 07:49:38,77.19,33.66,3.92,4.55
2021-02-02 07:53:38,77.27,33.29,3.57,4.43
2021-02-02 07:57:38,77.39,33.22,3.78,5.76
2021-02-02 08:01:38,77.42,33.73,4.42,5.92
2021-02-02 08:05:38,77.30,34.13,5.48,3.89
2021-02-02 08:09:38,77.31,33.51,4.25,5.59
2021-02-02 08:13:38,77.27,33.49,5.03,5.15
2021-02-02 08:17:38,77.34,33.92,9.43,3.95
2021-02-02 08:21:38,77.33,33.55,8.07,4.03
2021-02-02 08:25:38,77.32,33.54,7.18,4.37
2021-02-02 08:29:38,77.42,33.84,8.94,4.45
2021-02-02 08:33:38,77.33,33.66,7.32,4.53
2021-02-02 08:37:38,77.08,32.38,8.38,5.08
2021-02-02 08:41:38,77.35,33.58,3.90,4.57
2021-02-02 08:45:38,77.33,33.37,5.01,4.88
2021-02-02 08:49:38,77.08,32.52,6.93,5.04
2021-02-02 08:53:38,77.34,33.23,3.11,4.25
2021-02-02 08:57:38,77.37,33.75,4.84,4.06
2021-02-02 09:01:38,77.24,32.92,4.37,4.37
2021-02-02 09:05:38,77.24,32.92,4.12,4.47
2021-02-02 09:09:38,77.45,33.42,3.42,4.79
2021-02-02 09:13:38,77.35,33.22,4.44,4.66
2021-02-02 09:17:38,77.26,32.99,7.59,5.30
2021-02-02 09:21:38,77.32,33.06,4.63,4.66
2021-02-02 09:25:38,77.36,33.11,6.14,5.27
2021-02-02 09:29:38,77.39,33.26,6.09,4.81
2021-02-02 09:33:38,77.01,32.07,7.11,4.49
2021-02-02 09:37:38,77.02,32.56,7.03,4.32
2021-02-02 09:41:38,77.10,32.62,7.86,5.01
2021-02-02 09:45:38,77.00,32.22,7.42,5.07
2021-02-02 09:49:38,76.81,30.15,8.36,4.59
2021-02-02 09:53:38,77.00,31.98,7.81,4.80
2021-02-02 09:57:38,77.08,32.22,8.34,4.84
2021-02-02 10:01:38,77.09,31.67,9.55,5.51
2021-02-02 10:05:38,77.11,32.45,9.14,5.30
2021-02-02 10:09:38,76.71,29.25,12.88,4.50
2021-02-02 10:13:38,77.01,31.09,22.13,3.03
2021-02-02 10:17:38,77.17,32.30,17.10,3.67
2021-02-02 10:21:38,77.16,32.42,14.86,3.43
2021-02-02 10:25:38,77.04,31.98,12.08,3.64
2021-02-02 10:29:38,77.16,31.45,13.97,3.57
2021-02-02 10:33:38,77.17,32.02,12.01,3.62
2021-02-02 10:37:38,77.13,31.44,10.11,4.07
2021-02-02 10:41:38,77.10,31.19,10.47,5.20
2021-02-02 10:45:38,77.28,32.57,7.86,3.70
2021-02-02 10:49:38,77.27,31.58,7.50,3.83
2021-02-02 10:53:38,77.23,32.17,8.07,3.99
2021-02-02 10:57:38,77.29,32.59,7.42,4.03
2021-02-02 11:01:38,77.28,32.43,9.91,4.94
2021-02-02 11:05:38,77.28,32.39,9.43,4.58
2021-02-02 11:09:38,77.28,32.41,8.92,5.16
2021-02-02 11:13:38,77.27,32.31,8.38,4.76
2021-02-02 11:17:38,77.32,32.38,9.21,4.23
2021-02-02 11:21:38,77.37,32.28,8.84,4.48
2021-02-02 11:25:38,77.43,32.66,8.82,4.59
2021-02-02 11:29:38,77.44,32.28,8.29,4.50
2021-02-02 11:33:38,77.44,32.42,8.24,4.24
2021-02-02 11:37:38,77.45,32.47,9.34,4.34
2021-02-02 11:41:38,77.47,32.68,8.99,4.54
2021-02-02 11:45:38,77.48,32.65,7.92,4.89
2021-02-02 11:49:38,77.21,31.62,8.85,3.53
2021-02-02 11:53:38,77.31,32.11,10.30,4.49
2021-02-02 11:57:38,77.34,31.59,8.73,4.95
2021-02-02 12:01:38,77.52,32.72,8.63,4.65
2021-02-02 12:05:38,77.42,32.02,8.32,4.60
2021-02-02 12:09:38,77.22,30.15,9.19,4.50
2021-02-02 12:13:38,77.55,32.40,7.79,4.65
2021-02-02 12:17:38,77.65,32.46,6.99,4.64
2021-02-02 12:21:38,77.49,31.67,7.69,4.53
2021-02-02 12:25:38,77.27,31.15,8.12,5.07
2021-02-02 12:29:38,77.16,30.21,11.04,4.25
2021-02-02 12:33:38,77.37,31.80,8.19,5.05
2021-02-02 12:37:38,77.39,31.31,8.45,5.20
2021-02-02 12:41:38,77.38,31.41,8.19,5.33
2021-02-02 12:45:38,77.34,31.47,8.26,5.48
2021-02-02 12:49:38,77.51,32.28,7.52,5.61
2021-02-02 12:53:38,77.50,32.31,8.14,5.54
2021-02-02 12:57:38,77.48,32.19,8.43,5.37
2021-02-02 13:01:38,77.38,31.65,8.79,5.35
2021-02-02 13:05:38,77.43,31.81,9.07,4.52
2021-02-02 13:09:38,77.44,31.96,9.19,5.20
2021-02-02 13:13:38,77.50,32.21,8.85,5.18
2021-02-02 13:17:38,77.38,32.00,8.80,5.73
2021-02-02 13:21:38,77.59,32.62,8.63,5.24
2021-02-02 13:25:38,77.34,31.29,8.68,5.45
2021-02-02 13:29:38,77.40,31.84,8.80,5.29
2021-02-02 13:33:38,77.47,32.29,7.74,5.41
2021-02-02 13:37:38,77.64,32.67,7.00,5.52
2021-02-02 13:41:38,77.43,31.45,8.26,5.21
2021-02-02 13:45:38,77.58,32.28,8.26,5.38
2021-02-02 13:49:38,77.44,31.54,7.67,5.41
2021-02-02 13:53:38,77.25,30.24,7.98,5.35
2021-02-02 13:57:38,77.44,31.36,7.30,5.71
2021-02-02 14:01:38,77.32,30.69,8.38,5.29
2021-02-02 14:05:38,77.44,31.11,7.50,5.26
2021-02-02 14:09:38,77.46,31.27,7.45,5.54
2021-02-02 14:13:38,77.74,32.50,7.74,5.89
2021-02-02 14:17:38,77.49,31.35,8.33,5.77
2021-02-02 14:21:38,77.38,30.80,8.53,6.02
2021-02-02 14:25:38,77.65,32.35,7.03,6.14
2021-02-02 14:29:38,77.55,31.23,7.52,6.12
2021-02-02 14:33:38,77.57,31.45,8.68,5.57
2021-02-02 14:37:38,77.61,31.69,7.03,6.13
2021-02-02 14:41:38,77.56,31.30,7.95,6.11
2021-02-02 14:45:38,77.61,32.10,6.62,5.88
2021-02-02 14:49:38,77.52,31.56,7.79,6.09
2021-02-02 14:53:38,77.54,31.61,7.88,5.97
2021-02-02 14:57:38,77.56,31.41,7.62,6.11
2021-02-02 15:01:38,77.47,30.88,8.67,5.56
2021-02-02 15:05:38,77.50,31.06,7.88,5.89
2021-02-02 15:09:38,77.59,31.94,7.06,7.03
2021-02-02 15:13:38,77.45,30.81,7.08,6.43
2021-02-02 15:17:38,77.51,31.14,8.09,5.35
2021-02-02 15:21:38,77.58,31.51,7.55,6.28
2021-02-02 15:25:38,77.62,31.69,7.54,5.69
2021-02-02 15:29:38,77.59,31.82,7.22,5.92
2021-02-02 15:33:38,77.61,31.14,7.15,5.93
2021-02-02 15:37:38,77.64,31.79,7.20,5.95
2021-02-02 15:41:38,77.59,31.62,6.99,5.64
2021-02-02 15:45:38,77.52,31.63,7.20,6.40
2021-02-02 15:49:38,77.60,31.10,7.01,5.81
2021-02-02 15:53:38,77.61,31.70,6.39,6.58
2021-02-02 15:57:38,77.59,31.32,6.86,5.98
2021-02-02 16:01:38,77.58,31.02,7.03,5.84
2021-02-02 16:05:38,77.61,31.78,6.33,6.02
2021-02-02 16:09:38,77.54,30.71,6.57,6.31
2021-02-02 16:13:38,77.61,31.30,7.03,6.66
2021-02-02 16:17:38,77.63,31.30,6.36,6.79
2021-02-02 16:21:38,77.52,30.87,6.74,6.29
2021-02-02 16:25:38,77.55,30.90,6.45,5.95
2021-02-02 16:29:38,77.63,31.36,6.31,6.79
2021-02-02 16:33:38,77.53,30.97,8.77,6.89
2021-02-02 16:37:38,77.52,30.93,7.37,6.07
2021-02-02 16:41:38,77.56,31.18,6.64,6.28
2021-02-02 16:45:38,77.57,31.20,6.36,7.51
2021-02-02 16:49:38,77.54,30.94,6.93,6.45
2021-02-02 16:53:38,77.71,31.41,6.43,5.55
2021-02-02 16:57:38,77.60,31.15,6.19,6.71
2021-02-02 17:01:38,77.59,31.15,6.79,6.08
2021-02-02 17:05:38,77.66,31.75,7.81,7.44
2021-02-02 17:09:38,77.59,31.24,6.29,7.13
2021-02-02 17:13:38,77.61,31.15,6.42,7.56
2021-02-02 17:17:38,77.66,31.63,6.37,7.53
2021-02-02 17:21:38,77.64,31.36,5.92,6.74
2021-02-02 17:25:38,77.65,31.34,5.92,6.62
2021-02-02 17:29:38,77.66,30.89,8.15,4.13
2021-02-02 17:33:38,77.72,30.59,5.87,5.06
2021-02-02 17:37:38,77.68,31.78,5.53,5.74
2021-02-02 17:41:38,77.63,31.23,5.34,6.53
2021-02-02 17:45:38,77.62,30.75,5.92,5.25
2021-02-02 17:49:38,77.68,32.50,5.70,5.14
2021-02-02 17:53:38,77.65,31.93,5.80,4.42
2021-02-02 17:57:38,77.62,31.84,6.00,4.54
2021-02-02 18:01:38,77.67,30.25,6.34,4.70
2021-02-02 18:05:38,77.64,30.64,5.99,4.84
2021-02-02 18:09:38,77.60,31.13,5.73,4.97
2021-02-02 18:13:38,77.63,30.39,6.21,4.70
2021-02-02 18:17:38,77.64,30.18,5.75,4.39
2021-02-02 18:21:38,77.55,31.31,5.87,4.20
2021-02-02 18:25:38,77.49,31.14,5.03,4.31
2021-02-02 18:29:38,77.59,31.12,5.68,4.12
2021-02-02 18:33:38,77.56,31.27,5.85,4.10
2021-02-02 18:37:38,77.59,30.67,4.96,6.01
2021-02-02 18:41:38,77.57,30.95,5.32,5.31
2021-02-02 18:45:38,77.55,31.30,4.96,5.04
2021-02-02 18:49:38,77.54,30.98,5.78,4.93
2021-02-02 18:53:38,77.51,30.89,6.67,4.17
2021-02-02 18:57:38,77.53,31.39,5.29,4.97
2021-02-02 19:01:38,77.52,31.29,5.82,4.03
2021-02-02 19:05:38,77.53,31.29,6.17,3.64
2021-02-02 19:09:38,77.52,31.27,5.30,4.29
2021-02-02 19:13:38,77.56,31.38,5.56,4.48
2021-02-02 19:17:38,77.57,31.40,5.58,3.78
2021-02-02 19:21:38,77.58,31.53,4.80,5.05
2021-02-02 19:25:38,77.53,30.95,5.54,3.86
2021-02-02 19:29:38,77.54,30.84,5.73,3.70
2021-02-02 19:33:38,77.58,31.36,5.49,4.32
2021-02-02 19:37:38,77.59,31.42,4.80,4.76
2021-02-02 19:41:38,77.57,31.32,5.53,3.45
2021-02-02 19:45:38,77.61,31.82,5.17,3.72
2021-02-02 19:49:38,77.58,31.28,5.30,3.60
2021-02-02 19:53:38,77.58,31.13,5.63,3.65
2021-02-02 19:57:38,77.58,31.22,5.71,3.43
2021-02-02 20:01:38,77.60,30.75,6.19,3.26
2021-02-02 20:05:38,77.58,30.84,5.87,3.50
2021-02-02 20:09:38,77.59,31.52,5.83,3.21
2021-02-02 20:13:38,77.57,31.27,5.39,3.04
2021-02-02 20:17:38,77.56,30.86,5.70,3.08
2021-02-02 20:21:38,77.57,31.05,5.78,3.11
2021-02-02 20:25:38,77.57,31.20,5.51,3.46
2021-02-02 20:29:38,77.56,31.07,5.42,3.72
2021-02-02 20:33:38,77.51,30.81,4.96,4.23
2021-02-02 20:37:38,77.49,31.22,5.06,4.15
2021-02-02 20:41:38,77.56,31.46,5.44,3.46
2021-02-02 20:45:38,77.55,31.63,5.43,3.76
2021-02-02 20:49:38,77.47,31.21,5.08,4.04
2021-02-02 20:53:38,77.49,31.39,5.46,4.03
2021-02-02 20:57:38,77.22,30.57,5.56,3.43
2021-02-02 21:01:38,77.34,30.73,5.68,3.74
2021-02-02 21:05:38,77.35,30.98,5.34,3.58
2021-02-02 21:09:38,77.46,31.37,4.82,3.85
2021-02-02 21:13:38,77.43,31.16,5.42,3.61
2021-02-02 21:17:38,77.39,31.17,5.22,3.31
2021-02-02 21:21:38,77.46,31.48,5.47,3.02
2021-02-02 21:25:38,77.42,31.34,4.93,3.85
2021-02-02 21:29:38,77.24,30.91,5.43,3.76
2021-02-02 21:33:38,77.25,31.09,5.32,3.21
2021-02-02 21:37:38,77.19,30.40,5.85,2.85
2021-02-02 21:41:38,77.28,31.13,5.97,2.71
2021-02-02 21:45:38,77.46,31.32,5.95,3.05
2021-02-02 21:49:38,77.54,31.44,5.29,3.19
2021-02-02 21:53:38,77.38,31.22,5.22,2.91
2021-02-02 21:57:38,77.31,31.03,5.66,2.66
2021-02-02 22:01:38,77.25,30.87,4.78,3.24
2021-02-02 22:05:38,77.30,31.00,5.41,2.77
2021-02-02 22:09:38,77.33,31.27,5.42,2.99
2021-02-02 22:13:38,77.32,30.91,5.34,3.13
2021-02-02 22:17:38,77.38,31.18,5.00,3.08
2021-02-02 22:21:38,77.47,31.47,4.98,3.13
2021-02-02 22:25:38,77.38,31.05,5.06,3.03
2021-02-02 22:29:38,77.30,30.88,5.15,2.91
2021-02-02 22:33:38,77.43,31.11,4.75,3.14
2021-02-02 22:37:38,77.40,31.30,4.73,3.33
2021-02-02 22:41:38,77.15,30.04,5.27,2.87
2021-02-02 22:45:38,77.31,31.10,5.17,2.98
2021-02-02 22:49:38,77.21,31.27,5.08,3.03
2021-02-02 22:53:38,77.12,30.82,5.30,2.70
2021-02-02 22:57:38,77.04,30.73,4.84,2.99
2021-02-02 23:01:38,76.97,30.77,4.66,2.74
2021-02-02 23:05:38,77.04,30.90,4.91,2.96
2021-02-02 23:09:38,76.95,30.82,5.32,2.66
2021-02-02 23:13:38,76.99,30.12,5.53,2.60
2021-02-02 23:17:38,77.10,31.03,4.51,2.92
2021-02-02 23:21:38,77.06,31.15,4.58,3.28
2021-02-02 23:25:38,77.03,30.28,5.13,2.48
2021-02-02 23:29:38,77.01,30.65,6.14,2.49
2021-02-02 23:33:38,77.21,31.12,5.13,2.93
2021-02-02 23:37:38,77.20,31.16,5.43,2.72
2021-02-02 23:41:38,77.01,30.68,5.68,2.46
2021-02-02 23:45:38,77.00,30.19,5.63,2.45
2021-02-02 23:49:38,77.03,30.65,5.90,2.39
2021-02-02 23:53:38,77.20,31.20,4.71,2.88
2021-02-02 23:57:38,77.04,30.65,4.86,2.52
2021-02-03 00:01:38,77.04,30.25,5.17,2.49
2021-02-03 00:05:38,77.14,31.13,4.77,2.99
2021-02-03 00:09:38,77.15,31.01,4.84,2.85
2021-02-03 00:13:38,76.99,30.82,4.88,2.83
2021-02-03 00:17:38,76.92,30.02,5.63,2.52
2021-02-03 00:21:38,77.14,31.26,4.98,2.74
2021-02-03 00:25:38,77.05,31.09,4.91,2.86
2021-02-03 00:29:38,76.95,30.31,5.25,2.50
2021-02-03 00:33:38,76.92,30.28,5.20,2.49
2021-02-03 00:37:38,77.12,30.95,5.06,2.83
2021-02-03 00:41:38,76.96,30.34,6.00,2.57
2021-02-03 00:45:38,76.97,30.21,4.91,2.76
2021-02-03 00:49:38,77.12,30.87,4.98,2.82
2021-02-03 00:53:38,77.27,31.18,4.61,3.03
2021-02-03 00:57:38,77.21,31.25,4.23,3.09
2021-02-03 01:01:38,76.96,30.75,5.22,2.49
2021-02-03 01:05:38,76.94,30.50,5.08,3.04
2021-02-03 01:09:38,77.00,30.83,5.37,2.51
2021-02-03 01:13:38,76.93,30.60,5.68,2.42
2021-02-03 01:17:38,77.02,30.41,5.22,2.63
2021-02-03 01:21:38,76.94,30.45,5.27,2.87
2021-02-03 01:25:38,76.98,30.76,5.13,2.80
2021-02-03 01:29:38,77.02,30.98,5.27,2.87
2021-02-03 01:33:38,77.03,30.96,5.92,2.64
2021-02-03 01:37:38,77.12,30.67,5.87,2.61
2021-02-03 01:41:38,77.20,31.09,5.27,2.68
2021-02-03 01:45:38,77.15,30.62,5.34,2.69
2021-02-03 01:49:38,77.09,30.20,5.39,2.45
2021-02-03 01:53:38,77.11,30.45,5.68,2.64
2021-02-03 01:57:38,77.03,30.52,6.04,2.44
2021-02-03 02:01:38,77.10,30.66,5.78,2.33
2021-02-03 02:05:38,77.15,30.66,6.04,2.46
2021-02-03 02:09:38,77.09,30.40,5.85,2.38
2021-02-03 02:13:38,76.99,30.26,5.90,2.62
2021-02-03 02:17:38,77.17,30.32,5.63,2.46
2021-02-03 02:21:38,77.16,30.30,5.22,2.81
2021-02-03 02:25:38,77.12,30.55,5.36,2.64
2021-02-03 02:29:38,76.95,30.22,5.24,2.62
2021-02-03 02:33:38,76.96,30.40,5.51,2.42
2021-02-03 02:37:38,77.32,31.49,5.56,2.57
2021-02-03 02:41:38,76.93,30.34,5.90,2.48
2021-02-03 02:45:38,77.08,30.35,5.80,2.47
2021-02-03 02:49:38,77.18,31.17,5.30,2.68
2021-02-03 02:53:38,77.09,30.63,6.00,2.67
2021-02-03 02:57:38,77.10,30.63,5.80,2.60
2021-02-03 03:01:38,77.23,31.28,4.78,2.79
2021-02-03 03:05:38,77.18,31.03,5.22,2.72
2021-02-03 03:09:38,77.09,30.00,5.53,2.60
2021-02-03 03:13:38,77.05,31.06,6.74,2.46
2021-02-03 03:19:41,77.14,31.23,5.53,2.77
2021-02-03 03:21:38,77.17,30.44,6.02,2.38
2021-02-03 03:25:38,77.24,30.86,5.32,2.69
2021-02-03 03:29:38,77.04,29.30,7.01,2.14
2021-02-03 03:33:38,77.28,30.92,4.59,2.96
2021-02-03 03:37:38,77.15,30.55,5.95,2.52
2021-02-03 03:41:38,76.99,30.04,5.97,2.48
2021-02-03 03:45:38,76.98,29.75,6.54,2.06
2021-02-03 03:49:38,77.12,30.45,7.06,2.02
2021-02-03 03:53:38,76.98,30.31,5.65,2.50
2021-02-03 03:57:38,77.05,30.03,6.84,1.89
2021-02-03 04:01:38,77.08,30.59,6.49,2.10
2021-02-03 04:05:38,77.04,30.72,5.32,2.75
2021-02-03 04:09:38,77.12,30.66,6.02,1.84
2021-02-03 04:13:38,77.03,30.29,6.79,1.59
2021-02-03 04:17:38,77.05,29.81,6.59,1.78
2021-02-03 04:21:38,77.06,30.03,6.76,1.76
2021-02-03 04:25:38,77.15,30.60,6.61,1.86
2021-02-03 04:29:38,77.14,30.18,6.07,1.90
2021-02-03 04:33:38,77.01,29.41,6.59,2.51
2021-02-03 04:37:38,77.24,31.33,6.50,1.70
2021-02-03 04:41:38,76.98,29.00,6.26,1.98
2021-02-03 04:45:38,76.98,29.34,6.19,1.89
2021-02-03 04:49:38,76.95,29.22,6.40,1.86
2021-02-03 04:53:38,76.97,29.53,7.18,1.54
2021-02-03 04:57:38,77.09,30.57,6.40,1.92
2021-02-03 05:01:38,76.94,28.56,7.00,1.76
2021-02-03 05:05:38,76.94,29.13,6.64,1.90
2021-02-03 05:09:38,76.97,29.64,7.23,1.89
2021-02-03 05:13:38,76.89,28.36,6.72,1.78
2021-02-03 05:17:38,77.20,30.98,6.34,2.00
2021-02-03 05:21:38,77.12,30.59,6.72,1.76
2021-02-03 05:25:38,76.88,28.58,7.86,1.47
2021-02-03 05:29:38,76.90,29.40,7.64,1.57
2021-02-03 05:33:38,76.82,29.40,7.93,1.38
2021-02-03 05:37:38,76.83,28.89,6.62,1.83
2021-02-03 05:41:38,76.66,27.05,6.89,1.61
2021-02-03 05:45:38,76.46,26.82,8.55,1.28
2021-02-03 05:49:38,76.73,28.51,7.05,1.78
2021-02-03 05:53:38,76.68,28.58,7.66,1.48
2021-02-03 05:57:38,76.74,29.83,7.62,1.45
2021-02-03 06:01:38,76.62,29.64,6.84,1.92
2021-02-03 06:05:38,76.32,27.35,7.03,1.71
2021-02-03 06:09:38,76.46,28.72,6.74,1.68
2021-02-03 06:13:38,76.11,26.67,7.40,1.47
2021-02-03 06:17:38,76.37,28.21,6.79,1.63
2021-02-03 06:21:38,76.11,26.89,7.01,1.62
2021-02-03 06:25:38,76.25,27.73,6.57,1.51
2021-02-03 06:29:38,76.18,28.52,6.26,1.58
2021-02-03 06:33:38,75.94,27.70,7.37,1.37
2021-02-03 06:37:38,76.13,28.55,6.94,1.41
2021-02-03 06:41:38,76.24,29.63,7.40,1.30
2021-02-03 06:45:38,76.35,29.77,6.44,1.43
2021-02-03 06:49:38,75.51,25.94,7.40,1.39
2021-02-03 06:53:38,75.87,28.68,7.52,1.31
2021-02-03 06:57:38,75.53,25.96,7.77,1.30
2021-02-03 07:01:38,75.76,28.19,7.35,1.37
2021-02-03 07:05:38,75.98,29.26,5.20,1.46
2021-02-03 07:09:38,76.07,29.53,7.33,1.71
2021-02-03 07:13:38,76.24,29.42,7.47,1.36
2021-02-03 07:17:38,76.61,29.96,6.59,1.88
2021-02-03 07:21:38,76.59,29.59,6.21,2.15
2021-02-03 07:25:38,76.26,26.90,6.57,1.63
2021-02-03 07:29:38,76.79,31.51,5.25,2.86
2021-02-03 07:33:38,76.52,28.22,6.40,2.30
2021-02-03 07:37:38,76.14,26.21,6.28,2.20
2021-02-03 07:41:38,77.01,31.66,5.44,2.40
2021-02-03 07:45:38,77.00,31.30,5.46,2.44
2021-02-03 07:49:38,76.60,29.00,5.22,2.58
2021-02-03 07:53:38,76.70,29.77,4.96,2.82
2021-02-03 07:57:38,76.87,31.48,5.10,2.71
2021-02-03 08:01:38,76.22,27.60,5.49,2.78
2021-02-03 08:05:38,76.81,29.64,5.51,2.85
2021-02-03 08:09:38,76.41,28.55,5.12,2.76
2021-02-03 08:13:38,76.15,27.75,5.32,2.61
2021-02-03 08:17:38,76.54,29.51,5.56,2.70
2021-02-03 08:21:38,76.78,30.12,4.96,2.82
2021-02-03 08:25:38,76.43,29.07,5.58,3.18
2021-02-03 08:29:38,76.78,30.43,5.44,3.06
2021-02-03 08:33:38,76.69,30.15,5.73,3.32
2021-02-03 08:37:38,76.69,29.90,5.55,3.05
2021-02-03 08:41:38,76.37,28.83,6.96,2.22
2021-02-03 08:45:38,76.51,29.55,5.92,3.33
2021-02-03 08:49:38,76.76,30.45,5.01,2.88
2021-02-03 08:53:38,76.48,29.74,4.98,2.78
2021-02-03 08:57:38,76.87,31.21,4.16,2.87
2021-02-03 09:01:38,76.35,29.41,5.80,2.73
2021-02-03 09:05:38,76.34,29.27,6.62,2.14
2021-02-03 09:09:38,76.47,30.11,4.88,2.98
2021-02-03 09:13:38,76.31,29.64,6.09,1.93
2021-02-03 09:17:38,76.38,29.91,6.38,2.04
2021-02-03 09:21:38,76.22,28.98,6.04,2.18
2021-02-03 09:25:38,76.21,28.81,6.16,2.09
2021-02-03 09:29:38,76.36,29.69,6.09,2.16
2021-02-03 09:33:38,76.46,30.19,5.32,2.51
2021-02-03 09:37:38,76.10,28.36,5.95,2.25
2021-02-03 09:41:38,76.35,29.34,5.71,2.18
2021-02-03 09:45:38,76.24,28.84,5.22,2.21
2021-02-03 09:49:38,76.10,26.91,5.90,2.14
2021-02-03 09:53:38,76.12,28.21,6.26,2.09
2021-02-03 09:57:38,76.34,29.37,5.92,2.16
2021-02-03 10:01:38,76.70,29.88,6.19,2.14
2021-02-03 10:05:38,76.69,28.52,6.29,2.05
2021-02-03 10:09:38,76.53,27.10,5.80,2.05
2021-02-03 10:13:38,76.52,27.02,5.64,2.30
2021-02-03 10:17:38,76.70,27.04,6.16,1.92
2021-02-03 10:21:38,76.55,28.09,5.17,3.01
2021-02-03 10:25:38,76.44,26.55,5.83,2.48
2021-02-03 10:29:38,76.40,26.49,6.16,1.94
2021-02-03 10:33:38,76.99,27.15,4.96,2.49
2021-02-03 10:37:38,76.47,26.21,5.64,2.33
2021-02-03 10:41:38,77.20,27.61,5.15,2.43
2021-02-03 10:45:38,77.02,27.32,5.36,2.48
2021-02-03 10:49:38,76.84,26.90,5.80,2.34
2021-02-03 10:53:38,77.09,27.67,5.71,2.69
2021-02-03 10:57:38,77.01,27.23,5.71,2.75
2021-02-03 11:01:38,75.45,21.95,6.96,1.76
2021-02-03 11:05:38,75.41,21.94,7.18,2.14
2021-02-03 11:09:38,75.89,23.52,7.92,2.08
2021-02-03 11:13:38,75.97,23.85,8.46,2.13
2021-02-03 11:17:38,76.25,25.00,8.97,2.05
2021-02-03 11:21:38,76.41,26.84,8.48,1.92
2021-02-03 11:25:38,76.49,26.94,9.09,1.84
2021-02-03 11:29:38,76.34,25.84,9.31,1.81
2021-02-03 11:33:38,76.50,26.75,7.99,2.38
2021-02-03 11:37:38,76.45,27.28,9.04,1.87
2021-02-03 11:41:38,76.48,27.18,9.47,1.80
2021-02-03 11:45:38,76.28,25.97,9.07,2.21
2021-02-03 11:49:38,76.38,25.82,6.81,2.77
2021-02-03 11:53:38,76.23,24.61,9.96,3.12
2021-02-03 11:57:38,76.59,26.44,10.62,3.04
2021-02-03 12:01:38,76.76,28.20,10.57,2.63
2021-02-03 12:05:38,76.68,27.54,8.09,3.12
2021-02-03 12:09:38,76.75,28.32,8.60,3.05
2021-02-03 12:13:38,77.21,31.26,7.99,3.04
2021-02-03 12:17:38,76.69,28.39,7.32,3.20
2021-02-03 12:21:38,76.20,26.27,6.84,2.75
2021-02-03 12:25:38,76.15,25.87,5.99,2.68
2021-02-03 12:29:38,75.85,24.39,7.33,2.67
2021-02-03 12:33:38,75.69,24.30,12.66,2.40
2021-02-03 12:37:38,74.81,20.03,17.38,1.88
2021-02-03 12:41:38,74.71,17.15,17.91,2.30
2021-02-03 12:45:38,75.36,18.61,12.50,4.12
2021-02-03 12:49:38,76.28,22.95,10.40,4.72
2021-02-03 12:53:38,76.48,25.36,12.18,4.07
2021-02-03 12:57:38,76.39,23.36,14.98,3.10
2021-02-03 13:01:38,75.94,23.24,12.25,4.51
2021-02-03 13:05:38,76.53,28.07,9.50,3.50
2021-02-03 13:09:38,76.35,26.48,11.12,4.48
2021-02-03 13:13:38,75.95,24.24,13.07,3.44
2021-02-03 13:17:38,76.36,28.03,12.93,3.81
2021-02-03 13:21:38,76.41,27.51,11.14,4.80
2021-02-03 13:25:38,76.05,25.14,10.57,3.61
2021-02-03 13:29:38,75.77,24.93,13.42,2.97
2021-02-03 13:33:38,74.78,14.33,13.08,3.21
2021-02-03 13:37:38,75.77,22.33,11.94,3.35
2021-02-03 13:41:38,75.95,24.42,10.57,3.26
2021-02-03 13:45:38,76.01,24.85,12.47,3.18
2021-02-03 13:49:38,75.80,23.30,14.79,2.84
2021-02-03 13:53:38,76.17,25.87,14.23,2.86
2021-02-03 13:57:38,76.20,25.62,11.43,3.37
2021-02-03 14:01:38,76.63,27.83,12.35,3.59
2021-02-03 14:05:38,76.45,26.97,11.92,3.43
2021-02-03 14:09:38,76.12,24.50,13.61,3.08
2021-02-03 14:13:38,76.65,27.44,6.69,6.57
2021-02-03 14:17:38,76.66,27.73,6.96,6.23
2021-02-03 14:21:38,76.47,26.57,6.29,5.79
2021-02-03 14:25:38,76.17,24.80,6.60,4.29
2021-02-03 14:29:38,76.09,24.40,6.88,3.19
2021-02-03 14:33:38,76.42,26.31,7.08,3.05
2021-02-03 14:37:38,76.27,25.81,7.59,2.94
2021-02-03 14:41:38,75.99,23.94,7.95,3.00
2021-02-03 14:45:38,76.30,25.67,6.96,3.43
2021-02-03 14:49:38,76.38,25.94,8.62,3.19
2021-02-03 14:53:38,76.54,26.47,7.27,3.49
2021-02-03 14:57:38,76.48,26.38,7.23,3.49
2021-02-03 15:01:38,76.47,26.36,8.14,2.91
2021-02-03 15:05:38,76.42,26.12,6.89,3.54
2021-02-03 15:09:38,76.42,26.23,6.67,3.60
2021-02-03 15:13:38,76.27,25.51,6.98,3.12
2021-02-03 15:17:38,76.40,26.10,6.40,3.33
2021-02-03 15:21:38,76.46,26.59,6.14,3.19
2021-02-03 15:25:38,76.53,27.05,7.40,3.00
2021-02-03 15:29:38,76.45,26.63,6.72,3.07
2021-02-03 15:33:38,76.42,26.50,6.55,3.13
2021-02-03 15:37:38,76.53,27.40,6.26,3.02
2021-02-03 15:41:38,76.52,27.98,6.14,2.89
2021-02-03 15:45:38,76.51,26.81,6.62,2.87
2021-02-03 15:49:38,76.59,27.34,6.24,2.92
2021-02-03 15:53:38,76.59,27.83,5.90,3.32
2021-02-03 15:57:38,76.33,26.67,5.95,2.95
2021-02-03 16:01:38,76.33,25.94,6.55,2.68
2021-02-03 16:05:38,76.52,28.08,5.93,2.86
2021-02-03 16:09:38,76.69,28.42,5.20,3.09
2021-02-03 16:13:38,76.46,28.38,5.34,2.90
2021-02-03 16:17:38,76.40,27.51,6.40,2.47
2021-02-03 16:21:38,76.45,27.38,5.95,2.56
2021-02-03 16:25:38,76.41,27.62,5.27,2.80
2021-02-03 16:29:38,76.47,27.39,5.78,2.79
2021-02-03 16:33:38,76.39,26.40,6.07,2.65
2021-02-03 16:37:38,76.37,27.27,5.58,2.69
2021-02-03 16:41:38,76.28,27.66,5.56,2.92
2021-02-03 16:45:38,76.22,28.53,5.49,3.06
2021-02-03 16:49:38,76.29,27.83,5.18,2.62
2021-02-03 16:53:38,76.23,28.48,5.68,2.86
2021-02-03 16:57:38,76.19,28.35,5.78,3.03
2021-02-03 17:01:38,76.15,28.80,5.53,3.08
2021-02-03 17:05:38,76.24,28.52,5.75,2.46
2021-02-03 17:09:38,76.23,28.34,5.41,2.77
2021-02-03 17:13:38,76.56,29.24,5.01,2.81
2021-02-03 17:17:38,76.25,28.81,5.17,2.84
2021-02-03 17:21:38,76.15,28.72,5.17,2.87
2021-02-03 17:25:38,76.14,28.14,5.32,2.39
2021-02-03 17:29:38,76.24,28.77,5.51,2.49
2021-02-03 17:33:38,76.34,28.94,5.03,2.67
2021-02-03 17:37:38,76.38,29.14,4.75,2.62
2021-02-03 17:41:38,76.60,29.47,4.91,2.51
2021-02-03 17:45:38,76.32,29.18,4.75,2.41
2021-02-03 17:49:38,76.17,29.07,4.91,2.61
2021-02-03 17:53:38,76.28,29.52,4.84,2.38
2021-02-03 17:57:38,76.25,29.34,4.75,2.26
2021-02-03 18:01:38,76.33,29.26,5.10,2.25
2021-02-03 18:05:38,76.35,29.39,4.93,2.31
2021-02-03 18:09:38,76.27,29.23,5.01,2.22
2021-02-03 18:13:38,76.42,29.58,4.91,2.24
2021-02-03 18:17:38,76.16,28.88,5.49,2.38
2021-02-03 18:21:38,76.28,29.26,5.00,2.21
2021-02-03 18:25:38,76.58,29.70,5.49,1.94
2021-02-03 18:29:38,76.19,28.64,4.98,2.15
2021-02-03 18:33:38,76.33,29.00,4.82,2.30
2021-02-03 18:37:38,76.54,29.51,5.10,2.14
2021-02-03 18:41:38,76.41,29.07,5.08,2.18
2021-02-03 18:45:38,76.54,29.50,4.84,2.16
2021-02-03 18:49:38,76.53,29.47,4.82,2.31
2021-02-03 18:53:38,76.87,30.09,4.82,2.34
2021-02-03 18:57:38,76.63,29.50,5.56,1.83
2021-02-03 19:01:38,76.44,28.96,5.49,1.87
2021-02-03 19:05:38,76.79,29.91,5.22,2.27
2021-02-03 19:09:38,76.88,30.00,5.10,2.25
2021-02-03 19:13:38,76.67,29.37,5.41,2.06
2021-02-03 19:17:38,76.51,29.10,5.51,1.73
2021-02-03 19:21:38,76.62,29.03,4.98,2.04
2021-02-03 19:25:38,76.83,30.82,5.10,2.14
2021-02-03 19:29:38,76.71,29.91,5.59,1.88
2021-02-03 19:33:38,76.78,29.38,5.03,2.05
2021-02-03 19:37:38,76.59,29.15,5.08,1.92
2021-02-03 19:41:38,76.72,29.58,5.20,2.03
2021-02-03 19:45:38,76.74,29.63,4.98,2.11
2021-02-03 19:49:38,76.47,29.05,5.54,1.75
2021-02-03 19:53:38,76.81,30.75,5.80,1.66
2021-02-03 19:57:38,76.70,30.25,5.24,1.64
2021-02-03 20:01:38,76.51,29.40,6.36,1.41
2021-02-03 20:05:38,76.79,30.24,5.17,1.79
2021-02-03 20:09:38,76.52,29.53,4.93,1.82
2021-02-03 20:13:38,76.72,30.38,4.73,1.84
2021-02-03 20:17:38,76.70,30.69,4.73,1.98
2021-02-03 20:21:38,76.69,30.13,5.56,1.84
2021-02-03 20:25:38,76.86,30.55,5.39,1.86
2021-02-03 20:29:38,76.83,31.02,5.03,2.09
2021-02-03 20:33:38,76.93,30.66,5.46,1.89
2021-02-03 20:37:38,76.95,30.84,4.66,2.05
2021-02-03 20:41:38,76.98,30.97,4.98,1.95
2021-02-03 20:45:38,76.88,31.06,5.73,1.95
2021-02-03 20:49:38,76.79,30.65,4.84,1.87
2021-02-03 20:53:38,76.81,30.65,4.68,1.92
2021-02-03 20:57:38,76.80,30.71,5.06,1.64
2021-02-03 21:01:38,76.73,30.58,4.80,1.78
2021-02-03 21:05:38,76.75,31.21,5.05,1.78
2021-02-03 21:09:38,76.72,30.56,4.16,1.94
2021-02-03 21:13:38,76.82,30.87,5.08,1.87
2021-02-03 21:17:38,76.73,31.42,4.35,2.17
2021-02-03 21:21:38,76.75,30.66,5.53,1.78
2021-02-03 21:25:38,76.93,31.11,4.57,1.88
2021-02-03 21:29:38,76.76,30.49,5.44,1.51
2021-02-03 21:33:38,76.88,31.14,4.86,1.64
2021-02-03 21:37:38,76.81,31.40,5.06,1.25
2021-02-03 21:41:38,76.61,29.95,4.84,1.41
2021-02-03 21:45:38,76.73,30.79,5.22,1.49
2021-02-03 21:49:38,76.70,31.60,4.56,1.61
2021-02-03 21:53:38,76.71,31.37,4.66,1.41
2021-02-03 21:57:38,76.71,31.38,4.86,1.48
2021-02-03 22:01:38,76.72,31.49,4.59,1.53
2021-02-03 22:05:38,76.72,31.48,5.03,1.28
2021-02-03 22:09:38,76.66,30.90,5.20,1.46
2021-02-03 22:13:38,76.47,30.28,4.89,1.63
2021-02-03 22:17:38,76.71,31.39,4.75,1.15
2021-02-03 22:21:38,76.61,30.91,5.37,1.14
2021-02-03 22:25:38,76.52,30.57,4.77,1.25
2021-02-03 22:29:38,76.55,30.51,5.03,1.15
2021-02-03 22:33:38,76.74,31.61,4.63,1.26
2021-02-03 22:37:38,76.65,31.05,4.84,1.26
2021-02-03 22:41:38,76.51,30.31,4.80,1.30
2021-02-03 22:45:38,76.74,31.45,5.01,1.18
2021-02-03 22:49:38,76.86,31.85,4.59,1.30
2021-02-03 22:53:38,76.59,30.81,5.12,1.28
2021-02-03 22:57:38,76.62,30.96,5.10,1.23
2021-02-03 23:01:38,76.68,31.33,4.82,1.28
2021-02-03 23:05:38,76.87,31.98,4.82,1.16
2021-02-03 23:09:38,76.60,30.88,4.96,1.24
2021-02-03 23:13:38,76.52,30.76,4.75,1.12
2021-02-03 23:17:38,76.60,30.99,5.29,1.01
2021-02-03 23:21:38,76.60,31.01,4.96,1.05
2021-02-03 23:25:38,76.55,30.77,4.86,1.31
2021-02-03 23:29:38,76.59,31.03,4.94,1.24
2021-02-03 23:33:38,76.59,31.13,4.63,1.24
2021-02-03 23:37:38,76.73,31.59,4.18,1.41
2021-02-03 23:41:38,76.65,31.30,4.71,1.18
2021-02-03 23:45:38,76.65,31.22,5.08,1.25
2021-02-03 23:49:38,76.73,31.54,4.52,1.23
2021-02-03 23:53:38,76.76,31.68,4.49,1.23
2021-02-03 23:57:38,76.69,31.31,5.01,1.32
2021-02-04 00:01:38,76.60,30.94,5.60,1.30
2021-02-04 00:05:38,76.65,31.25,4.84,1.17
2021-02-04 00:09:38,76.56,30.71,5.53,1.23
2021-02-04 00:13:38,76.67,31.28,5.17,1.18
2021-02-04 00:17:38,76.43,30.14,4.86,1.19
2021-02-04 00:21:38,76.55,30.84,4.80,1.13
2021-02-04 00:25:38,76.69,31.39,4.73,1.22
2021-02-04 00:29:38,76.74,31.68,5.34,1.08
2021-02-04 00:33:38,76.67,31.26,5.32,1.05
2021-02-04 00:37:38,76.71,31.50,5.17,1.05
2021-02-04 00:41:38,76.58,31.01,5.34,1.04
2021-02-04 00:45:38,76.60,30.93,5.17,0.93
2021-02-04 00:49:38,76.61,31.00,4.75,1.13
2021-02-04 00:53:38,76.59,30.89,5.27,1.00
2021-02-04 00:57:38,76.61,30.95,5.54,0.99
2021-02-04 01:01:38,76.73,31.55,6.69,1.12
2021-02-04 01:05:38,76.73,31.54,6.36,0.99
2021-02-04 01:09:38,76.55,30.53,5.89,1.01
2021-02-04 01:13:38,76.63,31.09,4.63,1.02
2021-02-04 01:17:38,76.63,31.12,4.88,0.97
2021-02-04 01:21:38,76.67,31.31,4.75,0.97
2021-02-04 01:25:38,76.63,30.99,4.70,0.97
2021-02-04 01:29:38,76.59,30.90,4.63,1.06
2021-02-04 01:33:38,76.73,31.67,4.40,1.17
2021-02-04 01:37:38,76.71,31.59,4.51,1.03
2021-02-04 01:41:38,76.60,30.92,5.10,0.97
2021-02-04 01:45:38,76.66,31.28,4.96,1.01
2021-02-04 01:49:38,76.57,30.88,4.64,0.99
2021-02-04 01:53:38,76.58,30.88,5.29,0.88
2021-02-04 01:57:38,76.71,31.55,4.58,0.95
2021-02-04 02:01:38,76.53,30.66,5.65,0.95
2021-02-04 02:05:38,76.56,30.79,5.17,0.95
2021-02-04 02:09:38,76.74,31.61,4.75,0.90
2021-02-04 02:13:38,76.59,30.97,5.24,0.92
2021-02-04 02:17:38,76.68,31.36,4.32,0.92
2021-02-04 02:21:38,76.70,31.49,4.56,0.98
2021-02-04 02:25:38,76.72,31.55,5.24,0.95
2021-02-04 02:29:38,76.71,31.52,5.20,0.85
2021-02-04 02:33:38,76.61,31.10,4.54,0.97
2021-02-04 02:37:38,76.63,31.19,4.61,0.85
2021-02-04 02:41:38,76.83,32.05,4.20,0.95
2021-02-04 02:45:38,76.66,31.35,4.30,0.88
2021-02-04 02:49:38,76.57,31.05,4.54,0.86
2021-02-04 02:53:38,76.71,31.63,4.52,0.76
2021-02-04 02:57:38,76.78,31.89,4.21,0.81
2021-02-04 03:01:38,76.59,31.19,4.54,0.82
2021-02-04 03:05:38,76.59,31.17,4.58,0.90
2021-02-04 03:09:38,76.67,31.40,4.21,0.87
2021-02-04 03:13:38,76.61,31.37,4.35,0.75
2021-02-04 03:17:38,76.58,31.25,4.51,0.85
2021-02-04 03:21:38,76.75,31.75,4.54,0.83
2021-02-04 03:25:38,76.60,31.46,4.23,0.79
2021-02-04 03:29:38,76.67,31.56,4.30,0.74
2021-02-04 03:33:38,76.79,31.90,4.45,0.79
2021-02-04 03:37:38,76.64,31.58,4.18,0.86
2021-02-04 03:41:38,76.68,31.62,4.40,0.88
2021-02-04 03:45:38,76.68,31.59,4.28,0.84
2021-02-04 03:49:38,76.75,31.92,4.11,0.86
2021-02-04 03:53:38,76.66,31.58,3.78,0.88
2021-02-04 03:57:38,76.84,32.19,3.92,1.05
2021-02-04 04:01:38,76.65,31.62,3.85,0.88
2021-02-04 04:05:38,76.72,31.74,4.86,0.85
2021-02-04 04:09:38,76.81,32.02,3.78,0.76
2021-02-04 04:13:38,76.58,31.47,4.25,0.91
2021-02-04 04:17:38,76.76,31.81,3.81,0.99
2021-02-04 04:21:38,76.82,32.06,3.80,0.85
2021-02-04 04:25:38,76.63,31.43,4.04,0.96
2021-02-04 04:29:38,76.84,32.20,3.83,0.96
2021-02-04 04:33:38,76.67,31.65,3.92,0.94
2021-02-04 04:37:38,76.66,31.64,6.81,0.99
2021-02-04 04:41:38,76.87,32.28,3.88,0.86
2021-02-04 04:45:38,76.78,31.88,3.92,1.08
2021-02-04 04:49:38,76.68,31.73,3.90,0.99
2021-02-04 04:53:38,76.66,31.57,4.02,1.05
2021-02-04 04:57:38,76.74,31.81,3.85,1.10
2021-02-04 05:01:38,76.83,32.19,3.73,1.23
2021-02-04 05:05:38,76.70,31.73,3.78,1.11
2021-02-04 05:09:38,76.75,31.70,3.57,0.92
2021-02-04 05:13:38,76.88,32.36,3.66,1.35
2021-02-04 05:17:38,76.80,31.94,3.73,1.11
2021-02-04 05:21:38,76.81,32.06,3.71,1.00
2021-02-04 05:25:38,76.71,31.53,3.88,0.99
2021-02-04 05:29:38,76.76,31.78,3.49,1.12
2021-02-04 05:33:38,76.82,32.18,3.61,1.11
2021-02-04 05:37:38,76.72,31.90,3.56,1.07
2021-02-04 05:41:38,76.72,31.61,3.69,1.11
2021-02-04 05:45:38,76.82,32.27,3.82,1.19
2021-02-04 05:49:38,76.77,32.12,3.64,1.32
2021-02-04 05:53:38,76.72,31.90,3.61,1.26
2021-02-04 05:57:38,76.74,32.11,3.54,1.16
2021-02-04 06:01:38,76.80,32.12,3.59,1.18
2021-02-04 06:05:38,76.84,32.25,3.52,1.17
2021-02-04 06:09:38,76.73,31.80,3.52,1.23
2021-02-04 06:13:38,76.73,31.73,3.81,1.12
2021-02-04 06:17:38,76.89,32.43,3.73,1.39
2021-02-04 06:21:38,76.76,32.11,3.52,1.31
2021-02-04 06:25:38,76.79,31.98,3.57,1.19
2021-02-04 06:29:38,76.78,32.08,3.50,1.47
2021-02-04 06:33:38,76.79,31.97,3.59,1.15
2021-02-04 06:37:38,76.92,32.51,3.52,1.41
2021-02-04 06:41:38,76.78,31.86,3.42,1.24
2021-02-04 06:45:38,76.83,32.16,3.61,1.24
2021-02-04 06:49:38,76.66,31.64,4.23,1.30
2021-02-04 06:53:38,76.78,32.00,4.23,1.29
2021-02-04 06:57:38,76.66,31.60,3.85,1.36
2021-02-04 07:01:38,76.77,32.00,3.97,1.51
2021-02-04 07:05:38,76.88,32.49,4.18,1.68
2021-02-04 07:09:38,76.72,32.53,5.49,1.59
2021-02-04 07:13:38,76.66,31.85,4.49,1.51
2021-02-04 07:17:38,76.82,32.41,4.14,1.87
2021-02-04 07:21:38,76.88,32.43,4.77,1.69
2021-02-04 07:25:38,76.75,31.81,4.47,1.57
2021-02-04 07:29:38,76.79,32.08,3.59,1.88
2021-02-04 07:33:38,76.86,32.39,3.78,1.99
2021-02-04 07:37:38,76.79,32.07,3.94,1.93
2021-02-04 07:41:38,76.80,32.11,3.71,2.24
2021-02-04 07:45:38,76.85,32.43,3.78,2.10
2021-02-04 07:49:38,76.81,32.10,4.16,2.06
2021-02-04 07:53:38,76.80,32.13,3.90,2.20
2021-02-04 07:57:38,76.92,32.44,3.64,1.97
2021-02-04 08:01:38,76.89,32.30,5.27,1.92
2021-02-04 08:05:38,76.81,32.05,4.54,2.30
2021-02-04 08:09:38,76.83,32.10,3.97,2.21
2021-02-04 08:13:38,76.77,31.96,4.28,1.99
2021-02-04 08:17:38,76.87,32.18,3.99,2.13
2021-02-04 08:21:38,76.86,32.12,3.64,2.17
2021-02-04 08:25:38,77.04,32.70,3.38,1.72
2021-02-04 08:29:38,76.92,32.25,3.85,1.89
2021-02-04 08:33:38,76.97,32.40,3.63,1.53
2021-02-04 08:37:38,76.98,32.53,3.57,2.05
2021-02-04 08:41:38,76.87,32.17,3.90,2.33
2021-02-04 08:45:38,76.84,32.00,3.88,2.05
2021-02-04 08:49:38,76.93,32.36,3.61,2.15
2021-02-04 08:53:38,76.85,32.06,3.71,2.08
2021-02-04 08:57:38,76.90,32.23,3.78,2.48
2021-02-04 09:01:38,76.86,32.15,3.73,2.14
2021-02-04 09:05:38,76.87,32.20,3.57,2.35
2021-02-04 09:09:38,76.96,32.38,3.68,2.21
2021-02-04 09:13:38,76.87,32.00,3.14,2.54
2021-02-04 09:17:38,76.96,32.26,3.16,2.27
2021-02-04 09:21:38,77.03,32.52,3.29,2.16
2021-02-04 09:25:38,76.99,32.38,3.31,2.19
2021-02-04 09:29:38,76.89,32.04,3.47,2.20
2021-02-04 09:33:38,77.01,32.48,3.47,2.16
2021-02-04 09:37:38,77.08,32.66,3.39,2.26
2021-02-04 09:41:38,77.08,32.68,3.33,1.91
2021-02-04 09:45:38,77.04,32.54,3.56,2.08
2021-02-04 09:49:38,77.02,32.68,3.54,1.77
2021-02-04 09:53:38,77.04,32.69,3.56,1.92
2021-02-04 09:57:38,77.01,32.67,3.54,2.05
2021-02-04 10:01:38,76.95,32.58,3.59,1.91
2021-02-04 10:05:38,76.90,32.10,3.45,2.16
2021-02-04 10:09:38,77.14,33.01,3.47,1.79
2021-02-04 10:13:38,76.98,32.23,3.57,2.04
2021-02-04 10:17:38,76.87,31.79,3.76,1.72
2021-02-04 10:21:38,77.03,32.20,3.49,1.78
2021-02-04 10:25:38,77.07,32.33,3.44,2.39
2021-02-04 10:29:38,77.00,32.00,4.26,2.96
2021-02-04 10:33:38,77.15,32.58,4.09,2.44
2021-02-04 10:37:38,77.03,32.33,4.47,2.74
2021-02-04 10:41:38,77.05,32.62,4.75,2.86
2021-02-04 10:45:38,76.96,32.53,4.14,2.22
2021-02-04 10:49:38,76.81,31.94,5.80,1.78
2021-02-04 10:53:38,76.90,32.09,5.24,1.70
2021-02-04 10:57:38,76.88,31.98,5.92,2.19
2021-02-04 11:01:38,77.07,32.32,5.01,2.28
2021-02-04 11:05:38,77.06,32.47,4.40,2.56
2021-02-04 11:09:38,76.59,31.53,5.80,2.46
2021-02-04 11:13:38,77.10,32.49,6.04,2.26
2021-02-04 11:17:38,76.98,32.29,5.60,1.52
2021-02-04 11:21:38,76.80,31.74,4.41,1.32
2021-02-04 11:25:38,76.86,32.01,4.11,1.55
2021-02-04 11:29:38,76.92,32.10,4.44,1.37
2021-02-04 11:33:38,76.97,32.22,6.14,1.35
2021-02-04 11:37:38,76.87,31.53,4.35,1.06
2021-02-04 11:41:38,76.93,31.94,4.18,1.13
2021-02-04 11:45:38,76.91,31.85,4.38,1.31
2021-02-04 11:49:38,76.95,32.04,4.09,1.19
2021-02-04 11:53:38,77.00,32.34,4.11,1.26
2021-02-04 11:57:38,77.05,32.61,4.56,1.40
2021-02-04 12:01:38,77.03,32.50,4.44,1.36
2021-02-04 12:05:38,77.03,32.49,4.68,1.62
2021-02-04 12:09:38,77.02,32.46,4.54,1.57
2021-02-04 12:13:38,77.04,32.65,4.47,1.57
2021-02-04 12:17:38,77.04,32.69,4.86,1.60
2021-02-04 12:21:38,77.05,32.85,4.39,1.69
2021-02-04 12:25:38,77.02,32.58,4.42,1.73
2021-02-04 12:29:38,77.00,32.32,4.71,1.83
2021-02-04 12:33:38,76.98,32.36,4.75,1.78
2021-02-04 12:37:38,76.97,32.40,5.22,1.58
2021-02-04 12:41:38,76.99,32.48,5.13,1.66
2021-02-04 12:45:38,76.99,32.48,5.06,1.81
2021-02-04 12:49:38,76.99,32.54,4.47,1.63
2021-02-04 12:53:38,76.98,32.43,4.84,1.87
2021-02-04 12:57:38,77.03,32.57,4.91,1.88
2021-02-04 13:01:38,77.07,32.65,5.01,1.66
2021-02-04 13:05:38,77.08,32.38,4.68,1.63
2021-02-04 13:09:38,77.01,32.28,4.93,1.46
2021-02-04 13:13:38,76.97,31.84,5.80,1.84
2021-02-04 13:17:38,76.84,31.09,5.80,1.87
2021-02-04 13:21:38,77.03,32.45,5.17,1.98
2021-02-04 13:25:38,76.89,31.29,6.40,1.83
2021-02-04 13:29:38,76.96,31.56,5.68,1.87
2021-02-04 13:33:38,77.00,32.03,8.00,1.82
2021-02-04 13:37:38,76.93,31.86,17.35,1.60
2021-02-04 13:41:38,76.95,32.83,23.72,1.41
2021-02-04 13:45:38,76.93,32.70,24.51,1.37
2021-02-04 13:49:38,76.95,32.46,23.57,1.31
2021-02-04 13:53:38,76.93,32.34,16.33,1.55
2021-02-04 13:57:38,76.91,32.26,16.02,1.50
2021-02-04 14:01:38,76.87,31.58,12.58,1.70
2021-02-04 14:05:38,76.90,31.70,12.45,1.59
2021-02-04 14:09:38,76.91,31.96,12.63,1.67
2021-02-04 14:13:38,76.93,32.12,13.25,1.58
2021-02-04 14:17:38,76.93,31.63,13.87,1.55
2021-02-04 14:21:38,76.99,31.84,10.30,1.91
2021-02-04 14:25:38,77.00,32.24,11.91,2.08
2021-02-04 14:29:38,76.95,31.59,11.57,1.75
2021-02-04 14:33:38,76.97,32.02,10.08,2.16
2021-02-04 14:37:38,77.03,31.85,10.47,2.17
2021-02-04 14:41:38,77.05,31.83,11.12,1.86
2021-02-04 14:45:38,76.99,31.60,7.37,2.10
2021-02-04 14:49:38,76.97,31.75,6.89,2.23
2021-02-04 14:53:38,77.11,32.37,9.43,1.72
2021-02-04 14:57:38,77.03,31.87,7.66,2.35
2021-02-04 15:01:38,76.97,31.20,6.59,2.58
2021-02-04 15:05:38,77.13,31.99,8.67,2.11
2021-02-04 15:09:38,77.00,31.05,8.58,2.02
2021-02-04 15:13:38,77.17,31.41,8.31,1.98
2021-02-04 15:17:38,77.14,31.33,8.31,2.06
2021-02-04 15:21:38,77.17,31.59,8.85,1.96
2021-02-04 15:25:38,77.22,31.67,8.34,2.02
2021-02-04 15:29:38,77.22,32.10,7.64,2.35
2021-02-04 15:33:38,77.18,31.85,9.07,1.63
2021-02-04 15:37:38,77.16,31.60,8.46,1.90
2021-02-04 15:41:38,77.19,32.11,8.00,1.93
2021-02-04 15:45:38,77.18,32.04,7.45,1.86
2021-02-04 15:49:38,77.19,32.17,7.33,1.95
2021-02-04 15:53:38,77.18,31.96,7.71,1.83
2021-02-04 15:57:38,77.19,31.85,6.91,1.64
2021-02-04 16:01:38,77.19,32.06,7.42,1.47
2021-02-04 16:05:38,77.17,31.77,6.86,1.73
2021-02-04 16:09:38,77.22,32.07,7.37,1.76
2021-02-04 16:13:38,77.22,32.01,6.89,1.77
2021-02-04 16:17:38,77.20,31.88,6.36,1.86
2021-02-04 16:21:38,77.21,32.06,6.79,1.93
2021-02-04 16:25:38,77.21,31.42,6.26,1.84
2021-02-04 16:29:38,77.22,32.01,6.62,2.02
2021-02-04 16:33:38,77.22,32.09,6.60,2.06
2021-02-04 16:37:38,77.22,32.11,6.86,2.20
2021-02-04 16:41:38,77.22,32.12,6.52,2.16
2021-02-04 16:45:38,77.22,32.14,7.59,2.13
2021-02-04 16:49:38,77.22,31.56,6.02,1.84
2021-02-04 16:53:38,77.22,32.12,6.29,1.93
2021-02-04 16:57:38,77.21,32.17,5.68,1.97
2021-02-04 17:01:38,77.19,30.99,6.20,1.81
2021-02-04 17:05:38,77.22,32.54,5.73,2.31
2021-02-04 17:09:38,77.21,32.02,7.23,1.95
2021-02-04 17:13:38,77.23,32.24,5.58,1.88
2021-02-04 17:17:38,77.20,31.62,5.51,2.05
2021-02-04 17:21:38,77.22,32.15,5.97,1.88
2021-02-04 17:25:38,77.21,31.99,5.51,1.78
2021-02-04 17:29:38,77.21,31.97,5.73,2.13
2021-02-04 17:33:38,77.22,32.10,5.36,2.22
2021-02-04 17:37:38,77.22,32.21,5.30,1.82
2021-02-04 17:41:38,77.23,32.34,5.51,1.90
2021-02-04 17:45:38,77.21,31.46,5.58,1.86
2021-02-04 17:49:38,77.22,32.60,5.49,2.22
2021-02-04 17:53:38,77.22,31.84,5.27,1.83
2021-02-04 17:57:38,77.23,32.01,5.32,1.75
2021-02-04 18:01:38,77.22,31.88,5.01,1.66
2021-02-04 18:05:38,77.22,32.40,5.17,1.75
2021-02-04 18:09:38,77.21,31.72,5.03,1.93
2021-02-04 18:13:38,77.21,32.39,5.27,1.97
2021-02-04 18:17:38,77.22,31.95,5.34,1.82
2021-02-04 18:21:38,77.22,32.15,5.20,2.19
2021-02-04 18:25:38,77.21,32.72,5.32,1.93
2021-02-04 18:29:38,77.20,31.64,5.17,1.98
2021-02-04 18:33:38,77.23,31.65,5.53,1.75
2021-02-04 18:37:38,77.21,32.33,4.96,2.04
2021-02-04 18:41:38,77.21,32.09,5.03,2.02
2021-02-04 18:45:38,77.22,32.03,4.93,1.87
2021-02-04 18:49:38,77.21,32.62,5.30,2.05
2021-02-04 18:53:38,77.23,31.52,4.21,1.87
2021-02-04 18:57:38,77.19,32.80,4.96,1.76
2021-02-04 19:01:38,77.21,32.61,4.86,2.05
2021-02-04 19:05:38,77.17,31.84,4.75,1.72
2021-02-04 19:09:38,77.17,32.50,4.82,1.72
2021-02-04 19:13:38,77.18,32.52,5.32,2.03
2021-02-04 19:17:38,77.16,32.57,5.15,1.76
2021-02-04 19:21:38,77.17,31.83,4.70,1.58
2021-02-04 19:25:38,77.18,31.79,4.72,1.62
2021-02-04 19:29:38,77.15,32.98,5.32,1.92
2021-02-04 19:33:38,77.17,32.43,4.96,1.69
2021-02-04 19:37:38,77.15,32.55,5.10,1.52
2021-02-04 19:41:38,77.16,32.59,5.15,1.64
2021-02-04 19:45:38,77.14,32.06,5.03,1.67
2021-02-04 19:49:38,77.15,32.63,4.98,1.63
2021-02-04 19:53:38,76.96,32.55,7.97,1.44
2021-02-04 19:57:38,76.93,33.35,12.93,1.24
2021-02-04 20:01:38,76.87,32.71,11.87,1.15
2021-02-04 20:05:38,76.94,33.35,11.14,1.11
2021-02-04 20:09:38,76.94,33.27,12.23,1.03
2021-02-04 20:13:38,76.79,32.06,7.45,1.16
2021-02-04 20:17:38,76.89,32.87,7.25,1.16
2021-02-04 20:21:38,76.94,33.33,9.06,0.97
2021-02-04 20:25:38,76.92,32.85,7.64,1.23
2021-02-04 20:29:38,76.90,32.60,6.02,1.19
2021-02-04 20:33:38,76.89,32.37,4.77,1.54
2021-02-04 20:37:38,76.91,32.66,5.05,1.45
2021-02-04 20:41:38,76.94,32.55,4.82,1.68
2021-02-04 20:45:38,76.94,32.63,5.51,1.40
2021-02-04 20:49:38,76.97,32.30,4.44,1.46
2021-02-04 20:53:38,76.94,32.91,5.49,1.35
2021-02-04 20:57:38,76.94,33.00,6.09,1.11
2021-02-04 21:01:38,77.03,32.39,4.37,1.54
2021-02-04 21:05:38,76.99,32.23,3.93,1.63
2021-02-04 21:09:38,77.03,32.70,4.82,1.51
2021-02-04 21:13:38,77.04,32.76,4.66,1.48
2021-02-04 21:17:38,77.09,32.35,4.68,1.53
2021-02-04 21:21:38,77.09,32.71,4.54,1.36
2021-02-04 21:25:38,77.20,32.57,4.54,1.42
2021-02-04 21:29:38,77.14,32.77,3.70,1.59
2021-02-04 21:33:38,77.18,32.81,3.64,1.70
2021-02-04 21:37:38,77.20,32.65,3.66,1.84
2021-02-04 21:41:38,77.19,32.63,3.73,1.75
2021-02-04 21:45:38,77.08,33.34,4.37,1.68
2021-02-04 21:49:38,77.28,32.88,3.87,1.79
2021-02-04 21:53:38,77.24,32.86,4.04,1.59
2021-02-04 21:57:38,77.17,32.93,4.25,1.70
2021-02-04 22:01:38,77.15,32.90,4.21,1.70
2021-02-04 22:05:38,77.11,33.02,4.30,1.64
2021-02-04 22:09:38,77.18,32.95,3.97,1.58
2021-02-04 22:13:38,77.20,32.87,4.14,1.58
2021-02-04 22:17:38,77.31,32.95,4.14,1.59
2021-02-04 22:21:38,77.13,33.01,3.92,1.65
2021-02-04 22:25:38,77.34,32.99,4.44,1.59
2021-02-04 22:29:38,77.36,32.98,3.92,1.78
2021-02-04 22:33:38,77.34,33.07,3.85,1.49
2021-02-04 22:37:38,77.16,33.34,4.65,1.73
2021-02-04 22:41:38,77.23,32.94,4.25,1.67
2021-02-04 22:45:38,77.14,32.90,3.85,1.54
2021-02-04 22:49:38,77.28,33.20,4.19,1.60
2021-02-04 22:53:38,77.22,33.24,4.16,1.54
2021-02-04 22:57:38,77.23,33.26,3.80,1.54
2021-02-04 23:01:38,77.15,33.17,3.95,1.63
2021-02-04 23:05:38,77.18,32.77,3.45,1.59
2021-02-04 23:09:38,77.23,33.17,3.97,1.54
2021-02-04 23:13:38,77.18,33.31,3.78,1.65
2021-02-04 23:17:38,77.14,32.78,3.56,1.51
2021-02-04 23:21:38,77.34,33.28,3.35,1.60
2021-02-04 23:25:38,77.16,33.29,4.09,1.70
2021-02-04 23:29:38,77.24,33.06,3.76,1.72
2021-02-04 23:33:38,77.14,33.13,3.88,1.58
2021-02-04 23:37:38,77.17,32.74,3.35,1.57
2021-02-04 23:41:38,77.17,33.34,3.40,1.73
2021-02-04 23:45:38,77.19,33.42,3.94,1.83
2021-02-04 23:49:38,77.14,32.71,3.64,1.65
2021-02-04 23:53:38,77.30,33.06,5.75,1.71
2021-02-04 23:57:38,77.16,33.95,4.82,1.93
2021-02-05 00:01:38,77.15,32.85,3.68,1.54
2021-02-05 00:05:38,77.19,33.07,3.68,1.51
2021-02-05 00:09:38,77.17,33.34,4.04,1.71
2021-02-05 00:13:38,77.22,33.01,3.68,1.60
2021-02-05 00:17:38,77.15,32.92,3.68,1.65
2021-02-05 00:21:38,77.11,33.18,3.78,1.77
2021-02-05 00:25:38,77.16,33.25,3.40,1.68
2021-02-05 00:29:38,77.14,33.14,3.26,1.64
2021-02-05 00:33:38,77.09,33.08,3.61,1.53
2021-02-05 00:37:38,77.14,33.50,4.42,1.57
2021-02-05 00:41:38,77.13,33.36,3.73,1.60
2021-02-05 00:45:38,77.14,32.98,3.80,1.41
2021-02-05 00:49:38,77.12,33.39,4.44,1.57
2021-02-05 00:53:38,77.12,33.52,4.04,1.51
2021-02-05 00:57:38,77.15,32.92,3.42,1.59
2021-02-05 01:01:38,77.18,32.97,3.35,1.47
2021-02-05 01:05:38,77.16,33.43,3.88,1.70
2021-02-05 01:09:38,77.16,33.23,3.68,1.86
2021-02-05 01:13:38,77.19,33.09,3.80,1.25
2021-02-05 01:17:38,77.19,33.48,3.79,1.73
2021-02-05 01:21:38,77.21,33.03,3.67,1.34
2021-02-05 01:25:38,77.14,32.98,3.69,1.29
2021-02-05 01:29:38,77.20,33.17,3.69,1.32
2021-02-05 01:33:38,77.20,33.27,3.78,1.65
2021-02-05 01:37:38,77.17,33.25,3.97,1.67
2021-02-05 01:41:38,77.18,33.07,3.68,1.17
2021-02-05 01:45:38,77.08,31.95,4.09,1.07
2021-02-05 01:49:38,77.12,33.08,3.86,1.18
2021-02-05 01:53:38,77.14,33.24,4.11,1.49
2021-02-05 01:57:38,77.11,32.23,3.95,1.00
2021-02-05 02:01:38,77.12,32.40,3.88,1.05
2021-02-05 02:05:38,77.14,32.99,4.16,1.30
2021-02-05 02:09:38,77.12,32.18,3.85,1.02
2021-02-05 02:13:38,77.13,32.35,3.92,0.99
2021-02-05 02:17:38,77.14,32.50,3.97,1.01
2021-02-05 02:21:38,77.11,32.27,3.87,1.11
2021-02-05 02:25:38,77.12,32.49,4.04,1.07
2021-02-05 02:29:38,77.13,32.52,4.04,1.05
2021-02-05 02:33:38,77.13,32.60,3.87,1.13
2021-02-05 02:37:38,77.11,32.46,3.97,1.09
2021-02-05 02:41:38,77.11,32.49,4.00,1.11
2021-02-05 02:45:38,77.10,32.34,4.12,1.01
2021-02-05 02:49:38,77.10,32.09,4.09,1.05
2021-02-05 02:53:38,77.10,32.48,4.00,1.04
2021-02-05 02:57:38,77.19,33.52,4.21,1.09
2021-02-05 03:01:38,77.11,32.44,3.99,1.08
2021-02-05 03:05:38,77.09,32.14,3.97,1.17
2021-02-05 03:09:38,77.11,32.55,3.97,1.20
2021-02-05 03:13:38,77.11,32.65,4.26,1.15
2021-02-05 03:17:38,77.13,32.33,4.21,1.20
2021-02-05 03:21:38,77.13,32.47,4.42,1.16
2021-02-05 03:25:38,77.13,32.22,4.64,1.16
2021-02-05 03:29:38,77.12,32.32,4.31,1.20
2021-02-05 03:33:38,77.09,32.01,4.30,1.17
2021-02-05 03:37:38,77.11,32.45,4.26,1.09
2021-02-05 03:41:38,77.10,32.14,4.40,1.16
2021-02-05 03:45:38,77.11,32.91,4.16,1.19
2021-02-05 03:49:38,77.10,32.59,4.23,1.09
2021-02-05 03:53:38,77.09,32.64,4.14,1.04
2021-02-05 03:57:38,77.10,32.92,4.14,1.14
2021-02-05 04:01:38,77.10,32.97,4.37,1.13
2021-02-05 04:05:38,77.08,32.99,4.39,1.13
2021-02-05 04:09:38,77.12,33.21,4.23,1.13
2021-02-05 04:13:38,77.12,33.16,4.21,1.07
2021-02-05 04:17:38,77.06,33.10,4.04,1.11
2021-02-05 04:21:38,77.06,32.95,3.76,1.07
2021-02-05 04:25:38,77.12,33.43,4.16,1.22
2021-02-05 04:29:38,77.07,33.17,3.95,1.13
2021-02-05 04:33:38,77.08,33.21,3.66,1.11
2021-02-05 04:37:38,77.06,32.91,3.92,1.22
2021-02-05 04:41:38,77.07,33.21,3.88,1.18
2021-02-05 04:45:38,77.06,33.30,3.92,1.13
2021-02-05 04:49:38,77.06,33.12,3.90,1.19
2021-02-05 04:53:38,77.07,33.20,3.85,1.21
2021-02-05 04:57:38,77.08,33.46,4.09,1.14
2021-02-05 05:01:38,76.99,32.79,4.09,1.16
2021-02-05 05:05:38,77.01,33.04,4.38,1.22
2021-02-05 05:09:38,77.08,33.67,4.18,1.26
2021-02-05 05:13:38,77.07,33.23,4.06,1.19
2021-02-05 05:17:38,77.06,32.99,3.76,1.14
2021-02-05 05:21:38,77.08,33.49,4.02,1.06
2021-02-05 05:25:38,77.08,33.17,3.80,1.20
2021-02-05 05:29:38,77.07,33.06,3.66,1.13
2021-02-05 05:33:38,77.07,33.55,3.73,1.20
2021-02-05 05:37:38,77.10,33.23,3.73,1.23
2021-02-05 05:41:38,77.11,33.28,3.73,1.19
2021-02-05 05:45:38,77.10,33.31,3.64,1.30
2021-02-05 05:49:38,77.09,33.28,3.90,1.11
2021-02-05 05:53:38,77.00,32.98,3.78,1.13
2021-02-05 05:57:38,77.04,33.26,3.83,1.12
2021-02-05 06:01:38,77.05,33.34,4.16,1.12
2021-02-05 06:05:38,77.02,33.16,3.73,1.13
2021-02-05 06:09:38,77.02,33.14,4.23,1.13
2021-02-05 06:13:38,77.07,33.35,3.59,1.12
2021-02-05 06:17:38,77.04,33.29,3.85,1.08
2021-02-05 06:21:38,77.05,33.23,4.25,1.11
2021-02-05 06:25:38,77.04,33.17,3.92,1.17
2021-02-05 06:29:38,77.06,33.22,3.61,1.16
2021-02-05 06:33:38,77.06,33.32,3.73,1.13
2021-02-05 06:37:38,76.94,33.27,3.83,1.14
2021-02-05 06:41:38,76.95,33.16,3.73,1.13
2021-02-05 06:45:38,76.92,32.77,4.14,1.24
2021-02-05 06:49:38,76.85,32.56,4.21,1.06
2021-02-05 06:53:38,76.94,32.90,4.11,1.16
2021-02-05 06:57:38,76.92,32.91,4.63,1.12
2021-02-05 07:01:38,76.57,32.56,12.68,0.94
2021-02-05 07:05:38,76.88,33.70,13.27,0.93
2021-02-05 07:09:38,76.95,33.95,12.30,0.95
2021-02-05 07:13:38,76.88,33.71,11.96,0.93
2021-02-05 07:17:38,76.83,33.54,10.59,0.96
2021-02-05 07:21:38,76.78,33.40,7.56,0.81
2021-02-05 07:25:38,76.76,33.31,8.46,0.94
2021-02-05 07:29:38,76.78,33.32,8.22,0.83
2021-02-05 07:33:38,76.75,33.17,5.01,1.00
2021-02-05 07:37:38,76.74,33.10,7.15,0.85
2021-02-05 07:41:38,76.72,33.07,7.71,0.86
2021-02-05 07:45:38,76.74,33.06,6.42,0.91
2021-02-05 07:49:38,76.71,32.87,5.89,0.93
2021-02-05 07:53:38,76.69,32.64,4.45,1.14
2021-02-05 07:57:38,76.68,32.84,5.22,0.94
2021-02-05 08:01:38,76.74,33.03,5.15,0.94
2021-02-05 08:05:38,76.69,32.71,5.26,0.92
2021-02-05 08:09:38,76.71,32.83,4.77,1.00
2021-02-05 08:13:38,76.81,33.27,6.19,1.00
2021-02-05 08:17:38,76.77,32.99,3.87,1.19
2021-02-05 08:21:38,76.79,32.85,3.59,1.34
2021-02-05 08:25:38,76.84,33.16,3.35,1.41
2021-02-05 08:29:38,76.85,33.06,3.92,1.29
2021-02-05 08:33:38,76.86,32.93,3.52,1.59
2021-02-05 08:37:38,76.94,32.59,3.40,1.54
2021-02-05 08:41:38,76.92,32.78,3.21,1.53
2021-02-05 08:45:38,76.90,33.10,4.12,1.48
2021-02-05 08:49:38,76.94,32.84,3.73,1.40
2021-02-05 08:53:38,76.92,32.95,3.64,1.40
2021-02-05 08:57:38,76.96,32.95,3.47,1.43
2021-02-05 09:01:38,76.92,32.64,3.73,1.51
2021-02-05 09:05:38,76.96,33.18,3.68,1.45
2021-02-05 09:09:38,76.97,32.87,3.47,1.48
2021-02-05 09:13:38,76.96,32.70,3.35,1.40
2021-02-05 09:17:38,76.93,32.75,3.83,1.44
2021-02-05 09:21:38,77.03,32.89,3.71,1.41
2021-02-05 09:25:38,77.04,33.01,3.80,1.49
2021-02-05 09:29:38,77.04,33.15,3.76,1.49
2021-02-05 09:33:38,76.73,32.24,3.78,1.44
2021-02-05 09:37:38,76.99,32.95,4.23,1.46
2021-02-05 09:41:38,77.04,33.01,3.54,1.43
2021-02-05 09:45:38,77.00,32.67,4.14,1.45
2021-02-05 09:49:38,77.04,32.94,3.49,1.34
2021-02-05 09:53:38,77.03,32.84,4.09,1.30
2021-02-05 09:57:38,77.07,33.11,4.15,1.25
2021-02-05 10:01:38,77.06,33.18,3.66,1.31
2021-02-05 10:05:38,77.00,32.88,4.09,1.40
2021-02-05 10:09:38,77.00,33.04,4.04,1.40
2021-02-05 10:13:38,77.07,33.29,3.99,1.26
2021-02-05 10:17:38,76.97,32.93,4.44,1.40
2021-02-05 10:21:38,76.89,32.72,3.85,1.42
2021-02-05 10:25:38,77.03,33.21,3.78,1.34
2021-02-05 10:29:38,77.02,33.16,4.06,1.26
2021-02-05 10:33:38,76.92,32.71,4.11,1.36
2021-02-05 10:37:38,76.89,32.66,3.39,1.24
2021-02-05 10:41:38,77.09,33.10,3.85,1.25
2021-02-05 10:45:38,77.11,33.23,3.47,1.16
2021-02-05 10:49:38,77.00,32.77,3.26,1.18
2021-02-05 10:53:38,77.00,32.85,3.68,1.30
2021-02-05 10:57:38,77.06,33.35,4.04,1.18
2021-02-05 11:01:38,77.01,32.94,3.67,1.23
2021-02-05 11:05:38,76.97,32.61,3.35,1.31
2021-02-05 11:09:38,77.00,32.85,3.47,1.30
2021-02-05 11:13:38,76.95,32.66,3.47,1.52
2021-02-05 11:17:38,77.04,33.24,3.33,1.43
2021-02-05 11:21:38,77.04,33.18,3.40,1.14
2021-02-05 11:25:38,77.12,32.70,2.97,1.07
2021-02-05 11:29:38,77.21,32.90,3.01,1.06
2021-02-05 11:33:38,77.36,33.10,3.19,1.17
2021-02-05 11:37:38,77.35,33.25,3.09,1.22
2021-02-05 11:41:38,77.28,32.93,3.31,1.47
2021-02-05 11:45:38,77.10,32.35,3.61,1.53
2021-02-05 11:49:38,77.17,32.65,3.73,1.61
2021-02-05 11:53:38,77.19,32.70,3.47,1.55
2021-02-05 11:57:38,77.15,32.57,3.64,1.41
2021-02-05 12:01:38,77.15,32.53,3.62,1.65
2021-02-05 12:05:38,77.22,33.08,3.87,1.26
2021-02-05 12:09:38,77.17,32.98,3.69,1.46
2021-02-05 12:13:38,77.17,32.99,3.63,1.44
2021-02-05 12:17:38,77.17,32.85,3.74,1.41
2021-02-05 12:21:38,77.17,32.79,4.05,1.48
2021-02-05 12:25:38,77.19,32.69,3.44,1.42
2021-02-05 12:29:38,77.20,32.30,4.54,1.30
2021-02-05 12:33:38,77.24,32.92,4.49,1.49
2021-02-05 12:37:38,77.28,32.64,3.87,1.57
2021-02-05 12:41:38,77.36,32.18,4.47,1.58
2021-02-05 12:45:38,77.30,32.80,4.56,1.51
2021-02-05 12:49:38,77.71,32.09,4.37,1.42
2021-02-05 12:53:38,77.40,32.59,4.42,1.60
2021-02-05 12:57:38,77.29,33.29,4.21,1.53
2021-02-05 13:01:38,77.52,32.54,4.44,1.48
2021-02-05 13:05:38,77.69,32.35,4.61,1.56
2021-02-05 13:09:38,77.51,32.57,4.54,1.59
2021-02-05 13:13:38,77.74,32.24,4.73,1.60
2021-02-05 13:17:38,77.93,32.33,4.68,1.42
2021-02-05 13:21:38,77.90,32.38,4.63,1.32
2021-02-05 13:25:38,77.57,32.77,4.63,1.79
2021-02-05 13:29:38,77.65,32.56,4.42,1.98
2021-02-05 13:33:38,77.68,32.57,4.98,1.76
2021-02-05 13:37:38,77.75,32.59,4.56,1.86
2021-02-05 13:41:38,77.82,32.62,4.66,1.72
2021-02-05 13:45:38,77.77,32.75,4.64,1.77
2021-02-05 13:49:38,77.60,32.95,4.61,2.13
2021-02-05 13:53:38,77.90,32.70,4.02,1.84
2021-02-05 13:57:38,77.83,32.82,4.44,2.03
2021-02-05 14:01:38,77.87,32.90,4.19,2.07
2021-02-05 14:05:38,77.72,32.95,4.06,1.81
2021-02-05 14:09:38,77.66,33.01,4.16,2.03
2021-02-05 14:13:38,77.75,32.84,4.34,2.14
2021-02-05 14:17:38,77.74,32.72,4.56,2.06
2021-02-05 14:21:38,77.80,32.86,8.94,2.72
2021-02-05 14:25:38,77.67,32.69,4.40,2.64
2021-02-05 14:29:38,77.69,32.71,4.63,2.57
2021-02-05 14:33:38,77.72,32.60,5.27,2.56
2021-02-05 14:37:38,77.74,32.96,4.91,2.79
2021-02-05 14:41:38,77.74,32.90,6.28,2.79
2021-02-05 14:45:38,77.74,32.79,4.75,2.62
2021-02-05 14:49:38,77.66,31.70,3.97,2.68
2021-02-05 14:53:38,77.73,32.61,3.71,2.54
2021-02-05 14:57:38,77.73,32.77,4.26,2.80
2021-02-05 15:01:38,77.72,32.88,4.44,2.96
2021-02-05 15:05:38,77.72,32.97,4.66,2.96
2021-02-05 15:09:38,77.75,32.87,4.45,2.83
2021-02-05 15:13:38,77.76,32.83,4.32,2.97
2021-02-05 15:17:38,77.84,32.37,4.47,3.29
2021-02-05 15:21:38,77.81,32.45,4.35,3.25
2021-02-05 15:25:38,77.84,32.55,4.42,3.35
2021-02-05 15:29:38,77.85,32.27,4.51,3.49
2021-02-05 15:33:38,77.89,30.35,4.46,2.65
2021-02-05 15:37:38,77.90,32.47,4.47,3.10
2021-02-05 15:41:38,77.87,32.08,4.18,3.18
2021-02-05 15:45:38,78.15,32.65,4.42,2.94
2021-02-05 15:49:38,77.92,31.80,4.39,2.96
2021-02-05 15:53:38,77.88,32.22,4.32,3.18
2021-02-05 15:57:38,77.93,32.50,4.35,3.28
2021-02-05 16:01:38,77.94,32.70,4.42,3.28
2021-02-05 16:05:38,77.95,32.53,4.56,3.42
2021-02-05 16:09:38,77.90,32.49,4.25,3.20
2021-02-05 16:13:38,77.91,32.52,4.14,3.12
2021-02-05 16:17:38,77.99,32.50,4.84,3.46
2021-02-05 16:21:38,77.79,32.38,4.37,3.10
2021-02-05 16:25:38,77.86,31.84,4.42,3.39
2021-02-05 16:29:38,77.83,32.35,4.23,3.42
2021-02-05 16:33:38,77.77,32.23,4.18,3.10
2021-02-05 16:37:38,77.75,32.19,3.80,3.25
2021-02-05 16:41:38,77.77,31.23,3.94,3.14
2021-02-05 16:45:38,77.79,31.37,3.83,3.00
2021-02-05 16:49:38,77.77,32.06,3.97,2.80
2021-02-05 16:53:38,77.82,32.59,3.85,2.79
2021-02-05 16:57:38,77.78,32.05,3.87,2.87
2021-02-05 17:01:38,77.79,32.37,4.20,2.75
2021-02-05 17:05:38,77.71,31.88,4.14,2.75
2021-02-05 17:09:38,77.73,32.03,3.94,2.99
2021-02-05 17:13:38,77.74,32.28,4.02,3.02
2021-02-05 17:17:38,77.66,31.75,4.32,2.92
2021-02-05 17:21:38,77.62,32.45,4.73,2.82
2021-02-05 17:25:38,77.67,31.66,4.73,3.02
2021-02-05 17:29:38,77.71,32.17,4.61,3.13
2021-02-05 17:33:38,77.69,31.58,9.89,3.46
2021-02-05 17:37:38,77.63,31.73,5.08,2.60
2021-02-05 17:41:38,77.64,32.02,4.98,2.63
2021-02-05 17:45:38,77.61,32.29,4.25,2.28
2021-02-05 17:49:38,77.63,32.31,4.44,2.30
2021-02-05 17:53:38,77.59,31.46,4.73,2.23
2021-02-05 17:57:38,77.58,32.19,4.63,2.64
2021-02-05 18:01:38,77.58,31.86,4.59,2.21
2021-02-05 18:05:38,77.58,32.03,4.63,2.06
2021-02-05 18:09:38,77.60,31.89,4.61,2.21
2021-02-05 18:13:38,77.62,31.71,4.39,2.18
2021-02-05 18:17:38,77.60,32.03,4.18,2.11
2021-02-05 18:21:38,77.62,31.87,4.21,2.76
2021-02-05 18:25:38,77.64,32.16,4.28,2.52
2021-02-05 18:29:38,77.70,31.56,4.05,2.22
2021-02-05 18:33:38,77.65,31.85,4.19,2.23
2021-02-05 18:37:38,77.76,31.69,4.04,2.10
2021-02-05 18:41:38,77.66,32.15,4.12,2.80
2021-02-05 18:45:38,77.80,32.14,3.76,2.57
2021-02-05 18:49:38,77.56,31.18,3.78,2.44
2021-02-05 18:53:38,77.80,32.20,3.76,2.72
2021-02-05 18:57:38,77.76,31.67,3.66,2.79
2021-02-05 19:01:38,77.89,32.14,3.78,2.55
2021-02-05 19:05:38,77.90,31.90,3.76,2.85
2021-02-05 19:09:38,77.73,31.30,3.35,2.44
2021-02-05 19:13:38,77.85,32.62,3.80,2.82
2021-02-05 19:17:38,77.84,32.49,3.63,2.84
2021-02-05 19:21:38,77.87,32.27,3.61,2.83
2021-02-05 19:25:38,77.83,32.43,3.73,2.81
2021-02-05 19:29:38,77.80,32.27,3.44,2.79
2021-02-05 19:33:38,77.81,32.28,3.68,2.45
2021-02-05 19:37:38,77.79,32.19,3.37,2.47
2021-02-05 19:41:38,77.86,32.29,3.29,2.60
2021-02-05 19:45:38,77.85,32.21,3.14,2.62
2021-02-05 19:49:38,77.89,32.32,3.19,2.60
2021-02-05 19:53:38,77.85,32.61,3.61,2.62
2021-02-05 19:57:38,77.72,31.97,3.24,2.57
2021-02-05 20:01:38,77.81,32.54,3.42,2.64
2021-02-05 20:05:38,77.80,32.42,3.21,2.62
2021-02-05 20:09:38,77.73,32.06,2.99,2.36
2021-02-05 20:13:38,77.82,32.49,3.33,2.52
2021-02-05 20:17:38,77.82,32.60,3.43,2.57
2021-02-05 20:21:38,77.82,32.38,3.18,2.41
2021-02-05 20:25:38,77.78,32.27,3.14,2.41
2021-02-05 20:29:38,77.80,32.41,3.47,2.45
2021-02-05 20:33:38,77.79,32.98,3.40,2.62
2021-02-05 20:37:38,77.80,32.90,3.45,2.86
2021-02-05 20:41:38,77.90,32.17,3.56,2.63
2021-02-05 20:45:38,77.84,32.83,3.31,2.42
2021-02-05 20:49:38,77.87,32.98,3.57,2.75
2021-02-05 20:53:38,77.70,32.13,3.01,2.38
2021-02-05 20:57:38,77.83,32.81,3.78,2.63
2021-02-05 21:01:38,77.92,32.63,3.47,2.69
2021-02-05 21:05:38,77.85,32.44,3.07,2.60
2021-02-05 21:09:38,77.86,32.95,4.09,2.75
2021-02-05 21:13:38,77.88,32.78,3.47,2.53
2021-02-05 21:17:38,77.87,32.78,3.14,2.50
2021-02-05 21:21:38,77.79,33.05,3.73,2.67
2021-02-05 21:25:38,77.84,32.47,3.14,2.52
2021-02-05 21:29:38,77.77,33.05,3.33,2.61
2021-02-05 21:33:38,77.82,33.02,3.54,2.69
2021-02-05 21:37:38,77.88,32.73,3.31,2.56
2021-02-05 21:41:38,77.78,33.04,3.59,2.62
2021-02-05 21:45:38,77.79,32.96,3.35,2.44
2021-02-05 21:49:38,77.78,33.02,3.63,2.51
2021-02-05 21:53:38,77.84,32.84,3.61,2.62
2021-02-05 21:57:38,77.77,33.12,3.57,2.48
2021-02-05 22:01:38,77.72,32.93,3.52,2.33
2021-02-05 22:05:38,77.70,33.08,3.38,2.37
2021-02-05 22:09:38,77.65,33.12,3.57,2.25
2021-02-05 22:13:38,77.67,33.21,3.68,2.12
2021-02-05 22:17:38,77.71,33.19,3.47,2.15
2021-02-05 22:21:38,77.65,33.07,3.50,2.02
2021-02-05 22:25:38,77.47,33.12,3.54,2.13
2021-02-05 22:29:38,77.51,33.20,3.39,2.06
2021-02-05 22:33:38,77.63,33.27,3.29,2.04
2021-02-05 22:37:38,77.52,33.12,3.29,1.93
2021-02-05 22:41:38,77.53,33.00,3.29,2.03
2021-02-05 22:45:38,77.57,33.54,3.64,2.19
2021-02-05 22:49:38,77.54,33.38,3.35,2.00
2021-02-05 22:53:38,77.51,33.02,3.38,1.94
2021-02-05 22:57:38,77.54,33.41,3.37,2.10
2021-02-05 23:01:38,77.50,33.25,3.47,2.11
2021-02-05 23:05:38,77.57,33.41,3.37,2.06
2021-02-05 23:09:38,77.52,33.23,3.04,2.07
2021-02-05 23:13:38,77.57,33.29,3.39,2.16
2021-02-05 23:17:38,77.59,33.10,3.19,2.26
2021-02-05 23:21:38,77.62,33.31,3.31,2.27
2021-02-05 23:25:38,77.67,33.42,3.42,2.19
2021-02-05 23:29:38,77.68,33.45,3.45,2.27
2021-02-05 23:33:38,77.64,33.41,3.49,2.22
2021-02-05 23:37:38,77.62,33.26,3.40,2.17
2021-02-05 23:41:38,77.64,33.16,3.33,2.27
2021-02-05 23:45:38,77.64,33.41,3.37,2.19
2021-02-05 23:49:38,77.62,33.54,3.47,2.27
2021-02-05 23:53:38,77.61,33.25,3.16,2.03
2021-02-05 23:57:38,77.59,33.39,3.35,2.14
2021-02-06 00:01:38,77.62,33.39,3.06,2.11
2021-02-06 00:05:38,77.65,33.44,3.07,2.14
2021-02-06 00:09:38,77.66,33.45,3.21,2.24
2021-02-06 00:13:38,77.68,33.33,3.52,2.11
2021-02-06 00:17:38,77.62,33.42,3.12,2.26
2021-02-06 00:21:38,77.60,33.56,3.11,2.14
2021-02-06 00:25:38,77.59,33.57,3.31,2.21
2021-02-06 00:29:38,77.66,33.32,3.09,1.99
2021-02-06 00:33:38,77.55,33.56,2.99,2.17
2021-02-06 00:37:38,77.53,33.84,3.49,2.22
2021-02-06 00:41:38,77.57,33.37,2.92,2.04
2021-02-06 00:45:38,77.55,33.36,3.31,2.19
2021-02-06 00:49:38,77.50,32.89,2.82,2.13
2021-02-06 00:53:38,77.60,33.37,3.47,2.00
2021-02-06 00:57:38,77.49,34.06,3.90,2.11
2021-02-06 01:01:38,77.58,33.30,3.29,2.05
2021-02-06 01:05:38,77.57,33.30,3.02,1.94
2021-02-06 01:09:38,77.59,33.56,3.02,2.19
2021-02-06 01:13:38,77.63,33.52,3.12,2.08
2021-02-06 01:17:38,77.63,33.55,3.26,2.19
2021-02-06 01:21:38,77.51,33.37,3.31,2.11
2021-02-06 01:25:38,77.51,33.29,3.33,2.05
2021-02-06 01:29:38,77.57,33.50,3.09,2.19
2021-02-06 01:33:38,77.53,33.63,3.21,2.17
2021-02-06 01:37:38,77.49,33.36,3.47,2.10
2021-02-06 01:41:38,77.61,33.42,3.14,2.08
2021-02-06 01:45:38,77.62,33.48,3.47,1.94
2021-02-06 01:49:38,77.51,33.85,3.39,2.10
2021-02-06 01:53:38,77.63,33.33,2.77,2.05
2021-02-06 01:57:38,77.63,33.56,2.79,2.26
2021-02-06 02:01:38,77.65,33.66,2.72,2.26
2021-02-06 02:05:38,77.63,33.68,3.21,2.15
2021-02-06 02:09:38,77.63,33.77,3.33,2.23
2021-02-06 02:13:38,77.63,33.44,2.77,2.17
2021-02-06 02:17:38,77.64,33.79,3.00,2.06
2021-02-06 02:21:38,77.65,33.81,2.89,2.22
2021-02-06 02:25:38,77.64,33.90,2.97,2.23
2021-02-06 02:29:38,77.57,33.45,2.77,2.08
2021-02-06 02:33:38,77.63,33.77,2.94,2.04
2021-02-06 02:37:38,77.57,33.95,3.12,2.28
2021-02-06 02:41:38,77.61,33.37,2.72,1.94
2021-02-06 02:45:38,77.64,33.77,2.90,1.82
2021-02-06 02:49:38,77.62,33.90,3.35,1.94
2021-02-06 02:53:38,77.54,33.23,2.45,2.10
2021-02-06 02:57:38,77.62,33.81,2.94,2.16
2021-02-06 03:01:38,77.60,33.92,3.47,2.32
2021-02-06 03:05:38,77.59,33.42,2.65,1.84
2021-02-06 03:09:38,77.54,33.64,3.12,2.02
2021-02-06 03:13:38,77.61,33.54,2.92,1.87
2021-02-06 03:17:38,77.64,33.73,3.19,1.94
2021-02-06 03:21:38,77.55,33.35,2.53,1.92
2021-02-06 03:25:38,77.52,33.24,2.30,1.86
2021-02-06 03:29:38,77.60,34.03,3.02,2.21
2021-02-06 03:33:38,77.61,33.65,2.87,2.04
2021-02-06 03:37:38,77.60,33.49,2.72,1.70
2021-02-06 03:41:38,77.63,33.85,2.94,2.20
2021-02-06 03:45:38,77.60,33.77,2.94,2.11
2021-02-06 03:49:38,77.54,33.40,2.89,1.78
2021-02-06 03:53:38,77.35,32.62,2.82,1.70
2021-02-06 03:57:38,77.63,33.55,2.75,1.78
2021-02-06 04:01:38,77.63,33.81,2.82,1.81
2021-02-06 04:05:38,77.54,32.69,2.94,1.57
2021-02-06 04:09:38,77.48,33.16,3.02,1.65
2021-02-06 04:13:38,77.50,32.86,3.09,1.71
2021-02-06 04:17:38,77.54,32.82,3.14,1.64
2021-02-06 04:21:38,77.54,32.87,3.11,1.69
2021-02-06 04:25:38,77.59,32.60,3.11,1.49
2021-02-06 04:29:38,77.58,32.60,3.14,1.63
2021-02-06 04:33:38,77.55,32.96,3.12,1.53
2021-02-06 04:37:38,77.71,32.07,3.31,1.64
2021-02-06 04:41:38,77.65,32.58,3.35,1.71
2021-02-06 04:45:38,77.70,32.33,3.28,1.71
2021-02-06 04:49:38,77.66,32.63,3.42,1.76
2021-02-06 04:53:38,77.77,32.48,3.44,1.71
2021-02-06 04:57:38,77.64,32.90,3.44,1.70
2021-02-06 05:01:38,77.66,32.88,3.40,1.62
2021-02-06 05:05:38,77.59,33.18,3.38,1.61
2021-02-06 05:09:38,77.60,32.40,3.35,1.76
2021-02-06 05:13:38,77.56,33.04,3.42,1.76
2021-02-06 05:17:38,77.59,32.88,3.37,1.83
2021-02-06 05:21:38,77.82,32.28,3.71,1.82
2021-02-06 05:25:38,77.80,32.40,3.97,1.97
2021-02-06 05:29:38,77.88,32.52,3.92,1.93
2021-02-06 05:33:38,77.79,32.53,3.71,1.85
2021-02-06 05:37:38,77.81,32.44,3.68,1.90
2021-02-06 05:41:38,77.88,32.10,3.56,1.66
2021-02-06 05:45:38,77.75,32.59,3.68,1.90
2021-02-06 05:49:38,77.84,32.25,3.83,1.99
2021-02-06 05:53:38,77.61,33.22,3.78,1.76
2021-02-06 05:57:38,77.59,33.11,3.78,1.69
2021-02-06 06:01:38,77.55,33.37,3.35,1.60
2021-02-06 06:05:38,77.50,33.58,3.39,1.55
2021-02-06 06:09:38,77.50,33.59,2.79,1.50
2021-02-06 06:13:38,77.51,33.53,3.01,1.57
2021-02-06 06:17:38,77.52,33.56,3.29,1.72
2021-02-06 06:21:38,77.59,31.96,3.67,1.83
2021-02-06 06:25:38,77.84,32.11,4.28,2.06
2021-02-06 06:29:38,77.81,32.26,3.90,1.82
2021-02-06 06:33:38,77.84,32.25,4.16,1.94
2021-02-06 06:37:38,77.76,32.94,4.28,2.05
2021-02-06 06:41:38,77.63,33.34,4.25,1.89
2021-02-06 06:45:38,77.63,33.34,3.97,1.87
2021-02-06 06:49:38,77.56,33.59,3.99,1.73
2021-02-06 06:53:38,77.54,33.57,3.57,1.64
2021-02-06 06:57:38,77.49,33.68,3.54,1.63
2021-02-06 07:01:38,77.49,33.60,3.37,1.69
2021-02-06 07:05:38,77.50,33.52,3.24,1.59
2021-02-06 07:09:38,77.50,33.59,3.19,1.69
2021-02-06 07:13:38,77.51,33.53,3.01,1.71
2021-02-06 07:17:38,77.50,32.91,2.97,1.59
2021-02-06 07:21:38,77.50,32.93,3.07,1.67
2021-02-06 07:25:38,77.49,33.58,3.64,1.79
2021-02-06 07:29:38,77.49,33.01,3.35,1.76
2021-02-06 07:33:38,77.43,33.52,3.49,1.85
2021-02-06 07:37:38,77.46,33.62,3.66,1.77
2021-02-06 07:41:38,77.50,32.95,3.78,1.88
2021-02-06 07:45:38,77.45,33.52,3.61,1.73
2021-02-06 07:49:38,77.50,33.23,3.68,1.76
2021-02-06 07:53:38,77.56,33.13,4.14,1.78
2021-02-06 07:57:38,77.62,33.26,3.92,1.92
2021-02-06 08:01:38,77.62,33.21,4.30,1.99
2021-02-06 08:05:38,77.28,32.87,12.90,1.60
2021-02-06 08:09:38,77.57,33.00,7.40,1.76
2021-02-06 08:13:38,77.64,33.04,7.62,1.79
2021-02-06 08:17:38,77.33,33.47,12.09,1.75
2021-02-06 08:21:38,77.52,33.18,7.88,1.82
2021-02-06 08:25:38,77.59,33.09,6.29,2.13
2021-02-06 08:29:38,77.54,33.21,7.15,1.88
2021-02-06 08:33:38,77.49,32.84,6.21,1.99
2021-02-06 08:37:38,77.54,33.06,6.64,2.02
2021-02-06 08:41:38,77.53,33.02,5.78,2.04
2021-02-06 08:45:38,77.52,32.89,5.53,2.04
2021-02-06 08:49:38,77.51,33.10,6.45,1.90
2021-02-06 08:53:38,77.52,32.67,5.19,2.26
2021-02-06 08:57:38,77.53,32.69,5.10,2.19
2021-02-06 09:01:38,77.51,33.06,5.58,2.27
2021-02-06 09:05:38,77.50,33.01,5.75,2.21
2021-02-06 09:09:38,77.49,33.05,5.34,1.97
2021-02-06 09:13:38,77.48,33.29,5.34,2.10
2021-02-06 09:17:38,77.50,33.00,5.49,2.03
2021-02-06 09:21:38,77.47,33.05,5.13,1.97
2021-02-06 09:25:38,77.43,33.32,5.15,1.74
2021-02-06 09:29:38,77.47,32.97,5.06,1.91
2021-02-06 09:33:38,77.47,32.70,4.91,2.45
2021-02-06 09:37:38,77.43,32.94,4.86,1.93
2021-02-06 09:41:38,77.41,32.44,5.27,1.98
2021-02-06 09:45:38,77.45,32.66,4.93,1.99
2021-02-06 09:49:38,77.40,33.33,4.32,1.82
2021-02-06 09:53:38,77.38,33.50,4.35,1.90
2021-02-06 09:57:38,77.39,32.78,4.51,1.99
2021-02-06 10:01:38,77.38,32.88,4.32,2.03
2021-02-06 10:05:38,77.37,33.32,4.42,1.83
2021-02-06 10:09:38,77.37,32.56,4.80,1.76
2021-02-06 10:13:38,77.34,33.24,4.23,1.85
2021-02-06 10:17:38,77.37,32.78,4.21,1.89
2021-02-06 10:21:38,77.39,32.93,4.30,1.79
2021-02-06 10:25:38,77.33,32.79,4.21,1.76
2021-02-06 10:29:38,77.34,32.89,4.25,1.74
2021-02-06 10:33:38,77.38,33.20,4.09,1.94
2021-02-06 10:37:38,77.34,32.84,3.99,1.83
2021-02-06 10:41:38,77.35,32.73,4.14,1.66
2021-02-06 10:45:38,77.37,33.32,4.14,1.73
2021-02-06 10:49:38,77.36,32.68,4.08,1.81
2021-02-06 10:53:38,77.37,32.87,4.84,1.51
2021-02-06 10:57:38,77.34,32.67,4.16,1.73
2021-02-06 11:01:38,77.32,32.90,4.21,1.64
2021-02-06 11:05:38,77.35,32.99,3.97,1.83
2021-02-06 11:09:38,77.33,32.86,4.18,1.82
2021-02-06 11:13:38,77.34,33.22,3.85,1.81
2021-02-06 11:17:38,77.32,32.76,3.97,1.81
2021-02-06 11:21:38,77.32,32.91,3.59,1.78
2021-02-06 11:25:38,77.33,33.14,3.57,1.77
2021-02-06 11:29:38,77.37,32.68,5.15,1.38
2021-02-06 11:33:38,77.40,32.58,5.29,1.48
2021-02-06 11:37:38,77.35,32.88,4.42,1.77
2021-02-06 11:41:38,77.37,32.85,4.75,1.84
2021-02-06 11:45:38,77.46,32.50,4.77,1.84
2021-02-06 11:49:38,77.51,32.42,4.71,1.73
2021-02-06 11:53:38,77.51,32.41,4.82,1.53
2021-02-06 11:57:38,77.47,33.07,4.54,1.84
2021-02-06 12:01:38,77.45,32.79,4.71,1.91
2021-02-06 12:05:38,77.46,32.99,5.06,1.73
2021-02-06 12:09:38,77.54,33.20,4.42,1.71
2021-02-06 12:13:38,77.54,33.08,4.54,1.88
2021-02-06 12:17:38,77.51,33.19,4.33,1.76
2021-02-06 12:21:38,77.63,32.81,4.33,1.79
2021-02-06 12:25:38,77.66,32.98,4.37,1.83
2021-02-06 12:29:38,77.68,33.17,4.42,2.17
2021-02-06 12:33:38,77.60,32.66,4.19,1.90
2021-02-06 12:37:38,77.68,32.85,3.99,1.88
2021-02-06 12:41:38,77.72,33.09,4.19,1.94
2021-02-06 12:45:38,77.71,33.06,4.20,1.97
2021-02-06 12:49:38,77.70,32.73,4.09,1.97
2021-02-06 12:53:38,77.70,33.13,4.14,2.08
2021-02-06 12:57:38,77.76,32.59,4.42,1.75
2021-02-06 13:01:38,77.91,32.59,4.80,1.62
2021-02-06 13:05:38,77.87,32.72,5.10,1.79
2021-02-06 13:09:38,77.88,32.64,4.21,2.08
2021-02-06 13:13:38,78.09,31.70,5.75,2.22
2021-02-06 13:17:38,77.84,32.86,6.62,1.72
2021-02-06 13:21:38,78.04,32.01,6.91,2.02
2021-02-06 13:25:38,78.08,32.03,4.84,2.79
2021-02-06 13:29:38,78.12,32.01,4.61,3.03
2021-02-06 13:33:38,78.12,32.11,4.02,2.85
2021-02-06 13:37:38,78.08,32.47,3.90,2.84
2021-02-06 13:41:38,78.04,32.71,4.37,2.89
2021-02-06 13:45:38,78.08,32.58,3.85,3.61
2021-02-06 13:49:38,78.79,31.15,3.88,4.03
2021-02-06 13:53:38,78.11,32.59,3.90,4.15
2021-02-06 13:57:38,78.13,32.85,3.78,3.94
2021-02-06 14:01:38,78.61,32.23,3.90,3.73
2021-02-06 14:05:38,78.12,32.83,4.50,3.92
2021-02-06 14:09:38,78.57,32.39,4.09,3.54
2021-02-06 14:13:38,78.48,32.50,3.90,4.54
2021-02-06 14:17:38,78.42,32.72,3.95,5.15
2021-02-06 14:21:38,79.10,32.57,4.32,4.55
2021-02-06 14:25:38,79.08,32.60,4.19,5.23
2021-02-06 14:29:38,78.75,32.54,3.95,4.49
2021-02-06 14:33:38,78.66,32.73,3.95,4.45
2021-02-06 14:37:38,78.67,32.66,3.78,4.12
2021-02-06 14:41:38,78.59,32.79,3.87,3.88
2021-02-06 14:45:38,78.24,32.72,4.04,4.06
2021-02-06 14:49:38,78.57,32.21,3.76,4.24
2021-02-06 14:53:38,78.64,32.15,3.63,4.00
2021-02-06 14:57:38,78.46,32.61,4.07,4.62
2021-02-06 15:01:38,78.44,32.36,3.90,5.00
2021-02-06 15:05:38,78.42,32.40,3.78,4.41
2021-02-06 15:09:38,78.43,32.55,3.92,4.91
2021-02-06 15:13:38,78.43,32.61,4.02,4.77
2021-02-06 15:17:38,79.23,31.69,3.92,5.20
2021-02-06 15:21:38,78.63,32.56,3.88,5.41
2021-02-06 15:25:38,78.71,32.54,3.95,5.58
2021-02-06 15:29:38,79.35,31.93,3.76,5.26
2021-02-06 15:33:38,79.16,32.30,3.83,5.16
2021-02-06 15:37:38,78.64,32.69,3.87,5.20
2021-02-06 15:41:38,78.88,32.34,3.95,5.43
2021-02-06 15:45:38,78.97,32.17,3.90,5.58
2021-02-06 15:49:38,78.77,32.46,3.59,5.44
2021-02-06 15:53:38,78.73,33.08,4.07,5.93
2021-02-06 15:57:38,78.65,32.62,3.85,5.62
2021-02-06 16:01:38,78.79,32.30,3.99,4.90
2021-02-06 16:05:38,78.65,32.96,3.94,5.57
2021-02-06 16:09:38,78.58,32.72,3.47,4.96
2021-02-06 16:13:38,78.76,32.22,3.59,5.51
2021-02-06 16:17:38,78.54,32.80,3.80,5.75
2021-02-06 16:21:38,78.72,32.60,3.78,5.66
2021-02-06 16:25:38,78.57,32.95,3.33,5.48
2021-02-06 16:29:38,78.54,32.95,3.76,5.80
2021-02-06 16:33:38,78.52,32.81,3.94,6.13
2021-02-06 16:37:38,78.70,32.40,3.76,6.30
2021-02-06 16:41:38,78.80,32.04,3.49,6.20
2021-02-06 16:45:38,78.43,32.97,3.45,5.68
2021-02-06 16:49:38,78.55,32.39,3.68,5.98
2021-02-06 16:53:38,78.65,32.09,3.87,6.09
2021-02-06 16:57:38,78.85,31.58,3.33,5.66
2021-02-06 17:01:38,78.72,31.86,3.33,5.09
2021-02-06 17:05:38,78.57,32.32,3.51,5.88
2021-02-06 17:09:38,78.84,31.29,3.31,5.00
2021-02-06 17:13:38,78.63,32.18,3.45,5.59
2021-02-06 17:17:38,78.75,31.93,3.57,5.38
2021-02-06 17:21:38,78.72,32.11,3.47,5.53
2021-02-06 17:25:38,78.57,32.40,3.33,6.51
2021-02-06 17:29:38,78.77,31.79,3.47,5.67
2021-02-06 17:33:38,78.74,31.90,3.19,6.39
2021-02-06 17:37:38,78.62,32.42,3.42,6.71
2021-02-06 17:41:38,78.73,31.86,3.42,6.30
2021-02-06 17:45:38,78.67,32.32,3.31,6.56
2021-02-06 17:49:38,78.84,31.60,2.62,5.98
2021-02-06 17:53:38,78.74,32.01,2.87,5.94
2021-02-06 17:57:38,78.70,32.27,2.65,5.95
2021-02-06 18:01:38,78.67,32.35,3.16,7.54
2021-02-06 18:05:38,78.82,31.64,2.89,6.67
2021-02-06 18:09:38,78.86,31.65,2.94,6.48
2021-02-06 18:13:38,78.71,32.23,3.26,7.41
2021-02-06 18:17:38,78.65,32.44,3.31,6.66
2021-02-06 18:21:38,78.72,32.22,2.94,6.76
2021-02-06 18:25:38,78.71,32.21,2.94,6.77
2021-02-06 18:29:38,78.71,32.19,3.04,6.84
2021-02-06 18:33:38,78.75,31.97,2.60,6.43
2021-02-06 18:37:38,78.65,32.23,2.79,6.63
2021-02-06 18:41:38,78.63,31.88,2.77,6.65
2021-02-06 18:45:38,78.62,32.01,2.79,6.28
2021-02-06 18:49:38,78.59,32.25,2.82,6.00
2021-02-06 18:53:38,78.59,32.62,2.65,5.38
2021-02-06 18:57:38,78.61,31.97,2.67,6.04
2021-02-06 19:01:38,78.55,31.77,2.70,5.62
2021-02-06 19:05:38,78.50,32.63,2.74,5.12
2021-02-06 19:09:38,78.57,32.71,2.99,5.17
2021-02-06 19:13:38,78.55,31.94,2.53,5.46
2021-02-06 19:17:38,78.56,32.48,2.57,5.45
2021-02-06 19:21:38,78.57,32.17,2.47,5.85
2021-02-06 19:25:38,78.55,32.45,2.52,5.04
2021-02-06 19:29:38,78.57,32.45,2.57,5.66
2021-02-06 19:33:38,78.54,32.30,2.74,5.62
2021-02-06 19:37:38,78.53,32.50,2.62,5.13
2021-02-06 19:41:38,78.54,32.46,2.74,5.11
2021-02-06 19:45:38,78.52,32.38,2.45,5.25
2021-02-06 19:49:38,78.52,32.54,2.67,4.89
2021-02-06 19:53:38,78.54,32.54,2.69,5.53
2021-02-06 19:57:38,78.51,32.59,2.85,5.30
2021-02-06 20:01:38,78.48,32.66,2.97,5.95
2021-02-06 20:05:38,78.50,32.25,2.65,5.01
2021-02-06 20:09:38,78.50,32.25,2.77,5.45
2021-02-06 20:13:38,78.50,32.52,2.70,5.01
2021-02-06 20:17:38,78.42,32.73,2.55,4.85
2021-02-06 20:21:38,78.46,32.42,2.77,5.38
2021-02-06 20:25:38,78.38,32.39,2.19,3.58
2021-02-06 20:29:38,78.38,32.89,2.95,5.69
2021-02-06 20:33:38,77.98,31.99,2.55,4.69
2021-02-06 20:37:38,78.41,32.94,2.89,5.35
2021-02-06 20:41:38,78.39,32.58,2.70,5.11
2021-02-06 20:45:38,78.01,32.00,2.60,4.77
2021-02-06 20:49:38,78.48,32.89,3.12,5.31
2021-02-06 20:53:38,78.45,32.79,2.43,4.30
2021-02-06 20:57:38,78.45,32.80,2.57,4.76
2021-02-06 21:01:38,78.24,32.30,2.74,4.71
2021-02-06 21:05:38,78.45,32.78,2.92,5.26
2021-02-06 21:09:38,78.39,32.82,2.15,4.59
2021-02-06 21:13:38,78.40,32.93,2.53,4.84
2021-02-06 21:17:38,78.20,32.33,2.65,4.60
2021-02-06 21:21:38,78.17,32.09,2.23,4.99
2021-02-06 21:25:38,78.34,33.03,3.01,5.53
2021-02-06 21:29:38,78.39,32.91,2.73,5.12
2021-02-06 21:33:38,78.18,32.40,2.60,4.71
2021-02-06 21:37:38,78.36,32.82,2.89,4.50
2021-02-06 21:41:38,78.32,32.74,2.90,5.14
2021-02-06 21:45:38,78.32,32.76,2.43,4.17
2021-02-06 21:49:38,78.43,33.01,2.58,4.30
2021-02-06 21:53:38,78.36,32.82,2.82,4.90
2021-02-06 21:57:38,78.42,32.97,2.92,5.11
2021-02-06 22:01:38,78.32,32.76,2.67,4.86
2021-02-06 22:05:38,78.24,32.76,2.33,3.82
2021-02-06 22:09:38,78.26,33.18,3.01,5.07
2021-02-06 22:13:38,78.26,32.93,2.84,4.89
2021-02-06 22:17:38,78.24,33.09,2.74,4.75
2021-02-06 22:21:38,78.28,33.27,3.04,5.20
2021-02-06 22:25:38,78.26,32.81,2.65,4.71
2021-02-06 22:29:38,78.28,33.22,2.92,5.04
2021-02-06 22:33:38,78.33,33.29,2.67,4.84
2021-02-06 22:37:38,78.31,33.23,2.80,4.85
2021-02-06 22:41:38,78.25,33.21,2.89,5.09
2021-02-06 22:45:38,78.28,32.84,2.70,4.29
2021-02-06 22:49:38,78.21,33.23,2.87,4.25
2021-02-06 22:53:38,78.18,33.41,3.07,5.48
2021-02-06 22:57:38,78.20,33.10,2.89,4.97
2021-02-06 23:01:38,78.19,33.18,2.72,4.60
2021-02-06 23:05:38,78.24,33.32,2.77,4.92
2021-02-06 23:09:38,78.19,33.20,2.74,4.41
2021-02-06 23:13:38,78.21,33.24,2.84,4.91
2021-02-06 23:17:38,78.13,32.98,2.42,4.26
2021-02-06 23:21:38,78.14,33.29,2.67,4.76
2021-02-06 23:25:38,78.12,33.41,3.14,4.55
2021-02-06 23:29:38,78.10,33.16,2.99,4.93
2021-02-06 23:33:38,78.10,33.43,2.89,4.74
2021-02-06 23:37:38,78.06,33.22,2.60,4.30
2021-02-06 23:41:38,78.11,33.24,2.50,4.41
2021-02-06 23:45:38,78.07,33.12,2.92,4.67
2021-02-06 23:49:38,78.08,33.47,2.87,4.54
2021-02-06 23:53:38,78.08,33.46,2.92,4.42
2021-02-06 23:57:38,78.09,33.43,3.12,4.65
2021-02-07 00:01:38,78.07,33.40,2.94,4.60
2021-02-07 00:05:38,77.91,32.98,2.62,4.25
2021-02-07 00:09:38,78.12,33.50,3.04,4.82
2021-02-07 00:13:38,78.17,33.36,2.87,4.86
2021-02-07 00:17:38,77.98,33.07,2.33,4.07
2021-02-07 00:21:38,78.07,33.28,2.74,4.41
2021-02-07 00:25:38,78.16,33.59,2.92,4.80
2021-02-07 00:29:38,78.05,33.77,3.29,5.48
2021-02-07 00:33:38,77.96,33.07,2.53,4.12
2021-02-07 00:37:38,77.94,33.06,2.38,4.00
2021-02-07 00:41:38,77.98,33.82,3.49,4.97
2021-02-07 00:45:38,78.02,33.66,2.94,4.61
2021-02-07 00:49:38,77.95,33.18,2.40,4.11
2021-02-07 00:53:38,78.03,33.39,2.65,4.54
2021-02-07 00:57:38,77.98,33.94,3.74,5.13
2021-02-07 01:01:38,78.03,33.38,2.65,4.61
2021-02-07 01:05:38,77.95,33.34,2.70,4.37
2021-02-07 01:09:38,77.96,33.73,3.24,4.66
2021-02-07 01:13:38,77.97,33.57,2.79,4.17
2021-02-07 01:17:38,77.94,33.23,2.97,4.65
2021-02-07 01:21:38,77.94,33.70,3.19,4.77
2021-02-07 01:25:38,77.95,33.81,3.33,4.85
2021-02-07 01:29:38,77.80,32.98,2.65,3.94
2021-02-07 01:33:38,77.93,33.47,2.87,4.27
2021-02-07 01:37:38,77.97,33.49,2.84,4.66
2021-02-07 01:41:38,77.92,33.38,2.55,4.39
2021-02-07 01:45:38,77.96,33.59,2.74,4.64
2021-02-07 01:49:38,78.00,33.38,2.65,4.21
2021-02-07 01:53:38,77.98,33.28,2.47,4.42
2021-02-07 01:57:38,77.94,33.58,2.72,4.65
2021-02-07 02:01:38,77.87,34.00,4.44,4.94
2021-02-07 02:05:38,77.93,33.19,2.75,4.56
2021-02-07 02:09:38,77.82,33.27,2.45,3.88
2021-02-07 02:13:38,77.86,33.88,2.97,4.38
2021-02-07 02:17:38,77.87,33.53,3.24,4.49
2021-02-07 02:21:38,77.79,33.07,2.28,3.83
2021-02-07 02:25:38,77.87,33.89,2.70,4.34
2021-02-07 02:29:38,77.89,33.81,3.31,4.58
2021-02-07 02:33:38,77.79,33.11,2.60,4.36
2021-02-07 02:37:38,77.85,33.62,2.87,4.86
2021-02-07 02:41:38,77.94,33.54,2.85,4.80
2021-02-07 02:45:38,78.01,33.49,2.35,4.22
2021-02-07 02:49:38,77.92,33.63,2.87,5.09
2021-02-07 02:53:38,77.89,33.56,3.02,4.41
2021-02-07 02:57:38,77.97,33.44,2.50,4.36
2021-02-07 03:01:38,77.93,33.46,2.48,4.41
2021-02-07 03:05:38,77.89,33.47,2.55,4.70
2021-02-07 03:09:38,77.96,33.38,2.38,4.08
2021-02-07 03:13:38,77.90,33.91,2.69,4.80
2021-02-07 03:17:38,77.96,33.51,2.62,4.38
2021-02-07 03:21:38,77.99,33.43,2.53,3.92
2021-02-07 03:25:38,77.99,33.66,2.42,4.48
2021-02-07 03:29:38,77.99,33.70,2.82,5.04
2021-02-07 03:33:38,78.00,33.69,2.46,4.49
2021-02-07 03:37:38,78.01,33.59,2.48,4.21
2021-02-07 03:41:38,77.98,33.68,2.84,4.84
2021-02-07 03:45:38,77.98,33.86,2.63,4.32
2021-02-07 03:49:38,77.98,33.69,2.55,4.43
2021-02-07 03:53:38,77.96,33.54,2.16,3.61
2021-02-07 03:57:38,78.01,33.74,2.55,4.25
2021-02-07 04:01:38,78.01,33.75,2.84,4.93
2021-02-07 04:05:38,78.02,33.63,2.16,3.79
2021-02-07 04:09:38,78.02,33.52,2.21,3.38
2021-02-07 04:13:38,77.95,33.38,2.33,3.39
2021-02-07 04:17:38,78.04,33.60,2.38,3.53
2021-02-07 04:21:38,77.84,32.97,2.11,3.02
2021-02-07 04:25:38,77.79,32.57,2.21,3.05
2021-02-07 04:29:38,77.82,32.63,2.45,2.98
2021-02-07 04:33:38,77.90,32.73,2.28,3.09
2021-02-07 04:37:38,77.90,32.68,2.60,3.02
2021-02-07 04:41:38,77.88,32.63,2.53,3.33
2021-02-07 04:45:38,77.84,32.76,2.70,3.19
2021-02-07 04:49:38,77.81,32.45,2.87,3.21
2021-02-07 04:53:38,77.79,32.68,2.62,3.10
2021-02-07 04:57:38,77.81,32.77,2.45,3.14
2021-02-07 05:01:38,77.80,32.94,2.65,3.25
2021-02-07 05:05:38,77.89,32.79,2.38,3.12
2021-02-07 05:09:38,77.91,32.98,2.45,3.13
2021-02-07 05:13:38,77.98,32.65,2.57,3.29
2021-02-07 05:17:38,78.07,32.75,2.77,3.43
2021-02-07 05:21:38,78.10,32.65,2.82,3.54
2021-02-07 05:25:38,78.01,32.95,2.62,3.25
2021-02-07 05:29:38,78.14,32.72,2.73,3.63
2021-02-07 05:33:38,78.04,33.01,2.67,3.07
2021-02-07 05:37:38,78.25,32.64,3.01,3.83
2021-02-07 05:41:38,78.13,32.97,2.92,3.46
2021-02-07 05:45:38,78.13,32.94,3.04,3.42
2021-02-07 05:49:38,78.08,32.99,2.84,3.17
2021-02-07 05:53:38,78.12,32.36,2.65,3.39
2021-02-07 05:57:38,78.07,32.39,2.97,3.54
2021-02-07 06:01:38,78.15,32.87,3.37,3.38
2021-02-07 06:05:38,78.13,33.06,3.21,3.09
2021-02-07 06:09:38,78.41,32.40,2.97,3.81
2021-02-07 06:13:38,78.14,33.10,3.04,3.25
2021-02-07 06:17:38,78.17,33.09,3.14,3.52
2021-02-07 06:21:38,78.12,33.20,3.21,3.55
2021-02-07 06:25:38,78.08,33.29,3.11,3.19
2021-02-07 06:29:38,77.91,33.67,3.16,2.99
2021-02-07 06:33:38,77.85,33.73,2.89,2.76
2021-02-07 06:37:38,77.94,33.01,2.82,2.77
2021-02-07 06:41:38,77.88,32.85,2.45,2.81
2021-02-07 06:45:38,77.66,32.63,2.90,3.58
2021-02-07 06:49:38,78.28,32.49,3.16,3.70
2021-02-07 06:53:38,78.37,32.70,3.23,3.55
2021-02-07 06:57:38,78.25,32.98,3.26,3.25
2021-02-07 07:01:38,78.16,33.03,3.12,3.42
2021-02-07 07:05:38,77.92,33.69,3.14,2.88
2021-02-07 07:09:38,77.96,33.49,2.82,2.88
2021-02-07 07:13:38,77.70,34.25,3.11,2.77
2021-02-07 07:17:38,77.71,34.21,3.09,2.44
2021-02-07 07:21:38,77.82,33.43,2.31,2.88
2021-02-07 07:25:38,77.76,33.07,2.60,2.77
2021-02-07 07:29:38,77.74,34.00,2.38,2.69
2021-02-07 07:33:38,77.76,33.70,2.84,2.90
2021-02-07 07:37:38,77.89,32.32,3.14,3.34
2021-02-07 07:41:38,77.81,33.04,3.33,3.53
2021-02-07 07:45:38,77.80,33.48,2.74,2.92
2021-02-07 07:49:38,77.89,33.36,5.27,2.58
2021-02-07 07:53:38,77.73,33.78,5.13,2.62
2021-02-07 07:57:38,77.73,33.64,4.33,2.74
2021-02-07 08:01:38,77.69,33.93,5.22,2.37
2021-02-07 08:05:38,77.78,33.50,4.98,2.41
2021-02-07 08:09:38,77.79,33.70,4.49,2.77
2021-02-07 08:13:38,77.79,33.77,4.12,2.51
2021-02-07 08:17:38,77.99,33.06,3.35,2.90
2021-02-07 08:21:38,77.81,33.77,4.14,2.42
2021-02-07 08:25:38,77.83,33.70,3.95,2.40
2021-02-07 08:29:38,77.88,33.54,3.52,2.62
2021-02-07 08:33:38,77.87,33.59,3.99,2.48
2021-02-07 08:37:38,77.83,33.83,3.40,2.61
2021-02-07 08:41:38,77.89,33.33,3.21,2.50
2021-02-07 08:45:38,77.69,32.67,3.06,2.92
2021-02-07 08:49:38,77.73,33.36,3.35,2.93
2021-02-07 08:53:38,77.77,33.30,4.06,3.08
2021-02-07 08:57:38,77.57,33.74,6.57,2.64
2021-02-07 09:01:38,77.41,33.64,7.30,2.27
2021-02-07 09:05:38,77.39,33.12,6.72,2.21
2021-02-07 09:09:38,77.40,33.55,5.75,2.28
2021-02-07 09:13:38,77.43,33.19,3.64,2.72
2021-02-07 09:17:38,77.42,33.24,5.17,2.27
2021-02-07 09:21:38,77.49,32.99,3.99,2.62
2021-02-07 09:25:38,77.53,33.33,5.44,2.27
2021-02-07 09:29:38,77.67,33.42,5.34,2.39
2021-02-07 09:33:38,77.77,32.94,3.38,2.67
2021-02-07 09:37:38,77.56,34.08,5.54,2.58
2021-02-07 09:41:38,77.76,33.29,3.31,2.75
2021-02-07 09:45:38,77.74,33.29,2.72,2.74
2021-02-07 09:49:38,77.64,33.86,4.98,2.35
2021-02-07 09:53:38,77.74,33.36,3.40,2.74
2021-02-07 09:57:38,77.71,33.45,3.78,2.72
2021-02-07 10:01:38,77.68,33.65,3.42,2.62
2021-02-07 10:05:38,77.79,33.20,2.99,2.93
2021-02-07 10:09:38,77.72,33.37,3.59,2.63
2021-02-07 10:13:38,77.68,33.36,3.16,2.92
2021-02-07 10:17:38,77.66,32.96,2.97,2.50
2021-02-07 10:21:38,77.64,33.26,3.80,2.61
2021-02-07 10:25:38,77.67,33.17,3.21,2.48
2021-02-07 10:29:38,77.47,33.03,4.52,2.38
2021-02-07 10:33:38,77.60,33.00,4.75,2.31
2021-02-07 10:37:38,77.57,32.74,4.25,2.27
2021-02-07 10:41:38,77.56,33.59,4.73,2.30
2021-02-07 10:45:38,77.58,32.99,3.59,2.39
2021-02-07 10:49:38,77.58,33.08,3.78,2.08
2021-02-07 10:53:38,77.60,33.39,4.39,2.26
2021-02-07 10:57:38,77.66,33.19,3.83,2.32
2021-02-07 11:01:38,77.64,32.98,3.59,2.32
2021-02-07 11:05:38,77.72,32.96,4.14,2.41
2021-02-07 11:09:38,77.68,33.18,4.40,2.31
2021-02-07 11:13:38,77.71,33.11,4.07,2.16
2021-02-07 11:17:38,77.79,32.98,4.42,2.16
2021-02-07 11:21:38,77.73,33.20,4.21,2.29
2021-02-07 11:25:38,77.72,33.21,4.47,2.26
2021-02-07 11:29:38,77.80,32.93,4.14,2.17
2021-02-07 11:33:38,77.95,33.47,4.33,2.77
2021-02-07 11:37:38,77.98,33.23,4.04,2.42
2021-02-07 11:41:38,78.01,33.28,4.18,2.44
2021-02-07 11:45:38,77.98,33.50,3.54,3.15
2021-02-07 11:49:38,78.01,33.26,3.66,2.87
2021-02-07 11:53:38,77.92,33.75,3.68,3.02
2021-02-07 11:57:38,77.94,33.35,3.39,2.69
2021-02-07 12:01:38,77.92,33.03,3.83,2.32
2021-02-07 12:05:38,77.93,33.27,3.71,2.14
2021-02-07 12:09:38,77.96,33.29,3.97,2.71
2021-02-07 12:13:38,78.01,33.26,4.19,2.66
2021-02-07 12:17:38,78.08,33.33,3.83,2.85
2021-02-07 12:21:38,78.00,33.26,3.85,2.66
2021-02-07 12:25:38,77.92,33.45,3.71,2.94
2021-02-07 12:29:38,78.11,33.31,4.11,2.38
2021-02-07 12:33:38,78.15,33.38,3.83,2.93
2021-02-07 12:37:38,77.92,33.49,3.69,2.89
2021-02-07 12:41:38,78.07,33.40,3.97,2.52
2021-02-07 12:45:38,78.11,33.30,3.52,2.75
2021-02-07 12:49:38,78.03,32.77,3.49,2.33
2021-02-07 12:53:38,78.09,33.29,3.44,2.37
2021-02-07 12:57:38,78.10,33.39,3.99,2.14
2021-02-07 13:01:38,78.09,33.34,3.45,2.25
2021-02-07 13:05:38,78.03,33.07,3.90,2.55
2021-02-07 13:09:38,78.07,33.16,3.33,2.32
2021-02-07 13:13:38,78.17,33.46,3.64,3.18
2021-02-07 13:17:38,78.06,32.48,2.97,2.77
2021-02-07 13:21:38,78.23,33.17,3.02,2.92
2021-02-07 13:25:38,78.08,33.51,3.26,3.24
2021-02-07 13:29:38,78.13,32.97,3.11,3.16
2021-02-07 13:33:38,78.15,32.77,3.29,3.25
2021-02-07 13:37:38,78.14,33.03,3.04,3.17
2021-02-07 13:41:38,78.05,33.57,3.21,3.56
2021-02-07 13:45:38,78.12,33.00,3.33,3.29
2021-02-07 13:49:38,78.12,32.69,3.09,3.48
2021-02-07 13:53:38,78.22,32.80,3.24,3.07
2021-02-07 13:57:38,78.15,33.25,3.66,3.15
2021-02-07 14:01:38,78.17,33.12,3.09,3.88
2021-02-07 14:05:38,78.33,32.02,3.17,4.76
2021-02-07 14:09:38,78.41,33.10,3.09,4.60
2021-02-07 14:13:38,78.32,32.96,3.35,4.14
2021-02-07 14:17:38,78.28,33.05,3.19,3.66
2021-02-07 14:21:38,78.28,33.38,2.94,4.74
2021-02-07 14:25:38,78.33,32.95,3.73,3.89
2021-02-07 14:29:38,78.34,33.02,3.94,4.09
2021-02-07 14:33:38,78.36,32.87,3.73,4.28
2021-02-07 14:37:38,78.36,32.86,3.76,4.12
2021-02-07 14:41:38,78.36,32.91,3.56,4.30
2021-02-07 14:45:38,78.36,32.98,3.83,4.18
2021-02-07 14:49:38,78.42,32.79,4.28,3.60
2021-02-07 14:53:38,78.34,33.03,4.16,3.20
2021-02-07 14:57:38,78.30,33.18,4.46,3.10
2021-02-07 15:01:38,78.41,32.66,3.47,4.61
2021-02-07 15:05:38,78.26,33.25,3.73,4.15
2021-02-07 15:09:38,78.28,33.24,3.83,3.92
2021-02-07 15:13:38,78.42,32.59,3.61,5.91
2021-02-07 15:17:38,78.31,33.11,2.77,6.78
2021-02-07 15:21:38,78.23,33.46,2.91,6.78
2021-02-07 15:25:38,78.29,33.22,3.29,7.06
2021-02-07 15:29:38,78.41,32.53,3.02,7.27
2021-02-07 15:33:38,78.42,32.29,3.59,6.90
2021-02-07 15:37:38,78.20,33.56,2.87,7.42
2021-02-07 15:41:38,78.32,33.01,3.19,7.04
2021-02-07 15:45:38,79.92,30.36,3.78,7.93
2021-02-07 15:49:38,78.45,32.62,3.85,8.04
2021-02-07 15:53:38,78.42,32.63,3.61,8.52
2021-02-07 15:57:38,78.83,32.08,4.32,8.89
2021-02-07 16:01:38,78.45,32.63,3.87,8.37
2021-02-07 16:05:38,78.57,32.28,3.31,8.18
2021-02-07 16:09:38,78.63,32.44,3.21,8.78
2021-02-07 16:13:38,78.89,32.12,3.85,8.45
2021-02-07 16:17:38,78.56,32.51,3.68,8.46
2021-02-07 16:21:38,78.55,32.55,3.21,7.60
2021-02-07 16:25:38,78.54,32.77,3.47,9.82
2021-02-07 16:29:38,78.49,32.85,3.44,9.72
2021-02-07 16:33:38,78.51,32.65,3.61,9.11
2021-02-07 16:37:38,78.63,32.36,3.75,10.84
2021-02-07 16:41:38,78.51,32.75,3.49,10.15
2021-02-07 16:45:38,78.60,32.47,4.18,10.29
2021-02-07 16:49:38,78.82,32.24,3.87,9.95
2021-02-07 16:53:38,78.55,32.77,3.78,10.87
2021-02-07 16:57:38,78.53,33.05,4.02,10.93
2021-02-07 17:01:38,78.65,32.71,3.24,10.59
2021-02-07 17:05:38,78.65,32.65,3.61,11.32
2021-02-07 17:09:38,79.18,32.19,3.78,9.52
2021-02-07 17:13:38,78.66,32.76,3.97,9.59
2021-02-07 17:17:38,78.60,32.94,3.59,10.39
2021-02-07 17:21:38,79.42,32.31,3.57,10.29
2021-02-07 17:25:38,79.14,32.54,3.97,9.61
2021-02-07 17:29:38,79.43,32.23,3.59,10.36
2021-02-07 17:33:38,78.66,32.96,3.49,11.72
2021-02-07 17:37:38,79.35,32.48,3.57,11.22
2021-02-07 17:41:38,78.79,32.74,3.52,11.51
2021-02-07 17:45:38,78.74,32.75,3.57,10.93
2021-02-07 17:49:38,78.84,32.77,3.73,11.09
2021-02-07 17:53:38,78.85,32.66,4.47,11.45
2021-02-07 17:57:38,79.06,32.57,3.73,11.19
2021-02-07 18:01:38,79.39,32.27,3.51,9.43
2021-02-07 18:05:38,78.88,32.65,3.61,11.45
2021-02-07 18:09:38,78.89,32.70,3.57,11.92
2021-02-07 18:13:38,79.49,32.05,3.75,11.95
2021-02-07 18:17:38,78.84,32.73,3.49,11.73
2021-02-07 18:21:38,79.03,32.43,3.80,10.85
2021-02-07 18:25:38,78.81,32.73,3.61,11.75
2021-02-07 18:29:38,78.81,32.79,3.37,11.43
2021-02-07 18:33:38,78.84,32.66,3.49,12.47
2021-02-07 18:37:38,78.74,32.82,3.59,11.96
2021-02-07 18:41:38,78.42,32.82,4.82,9.92
2021-02-07 18:45:38,78.47,32.90,3.73,11.16
2021-02-07 18:49:38,78.55,32.82,3.64,10.91
2021-02-07 18:53:38,78.56,32.88,3.80,11.74
2021-02-07 18:57:38,78.58,32.96,3.87,13.84
2021-02-07 19:01:38,78.63,32.92,3.44,12.22
2021-02-07 19:05:38,78.78,32.65,3.71,11.65
2021-02-07 19:09:38,78.68,32.74,4.18,11.53
2021-02-07 19:13:38,78.60,32.96,3.50,11.26
2021-02-07 19:17:38,78.58,32.79,3.47,11.53
2021-02-07 19:21:38,78.68,32.63,3.32,11.32
2021-02-07 19:25:38,78.53,32.89,3.83,10.79
2021-02-07 19:29:38,78.75,32.57,2.84,9.70
2021-02-07 19:33:38,78.76,32.03,3.26,8.11
2021-02-07 19:37:38,78.50,32.68,3.70,7.72
2021-02-07 19:41:38,78.58,32.63,3.61,8.00
2021-02-07 19:45:38,78.58,32.25,3.80,7.88
2021-02-07 19:49:38,78.53,32.66,3.61,7.50
2021-02-07 19:53:38,78.54,32.76,3.70,7.29
2021-02-07 19:57:38,78.29,32.90,3.49,7.61
2021-02-07 20:01:38,78.26,32.93,3.99,7.36
2021-02-07 20:05:38,78.33,32.64,3.24,7.64
2021-02-07 20:09:38,78.26,32.82,3.54,7.07
2021-02-07 20:13:38,78.57,32.23,3.02,9.12
2021-02-07 20:17:38,78.30,32.54,3.21,7.61
2021-02-07 20:21:38,78.15,32.69,3.40,7.05
2021-02-07 20:25:38,78.31,32.37,3.21,7.25
2021-02-07 20:29:38,78.18,32.69,3.16,6.53
2021-02-07 20:33:38,78.21,32.49,2.99,7.79
2021-02-07 20:37:38,78.23,32.48,2.52,8.18
2021-02-07 20:41:38,78.09,32.62,2.62,5.86
2021-02-07 20:45:38,78.22,32.53,2.70,7.84
2021-02-07 20:49:38,78.07,32.79,2.99,6.20
2021-02-07 20:53:38,78.24,32.45,1.96,8.80
2021-02-07 20:57:38,78.18,32.71,2.08,9.26
2021-02-07 21:01:38,78.08,32.99,2.91,8.74
2021-02-07 21:05:38,78.26,32.85,2.40,9.24
2021-02-07 21:09:38,78.52,32.66,2.45,8.83
2021-02-07 21:13:38,78.37,32.66,2.26,9.66
2021-02-07 21:17:38,78.32,32.86,2.33,9.64
2021-02-07 21:21:38,78.44,32.65,2.15,9.82
2021-02-07 21:25:38,78.43,32.66,2.40,9.39
2021-02-07 21:29:38,78.43,32.71,2.55,8.57
2021-02-07 21:33:38,78.27,32.91,2.67,8.71
2021-02-07 21:37:38,78.25,33.06,2.50,8.70
2021-02-07 21:41:38,78.39,32.77,2.53,8.35
2021-02-07 21:45:38,78.32,32.97,2.75,7.94
2021-02-07 21:49:38,78.44,33.03,2.92,7.63
2021-02-07 21:53:38,78.59,33.19,2.94,8.15
2021-02-07 21:57:38,78.30,32.94,2.38,7.58
2021-02-07 22:01:38,78.32,32.85,2.79,7.11
2021-02-07 22:05:38,78.59,33.09,3.33,7.04
2021-02-07 22:09:38,78.54,33.16,2.55,8.72
2021-02-07 22:13:38,78.54,33.07,2.38,8.34
2021-02-07 22:17:38,78.56,33.16,2.50,8.73
2021-02-07 22:21:38,78.54,33.11,2.82,8.54
2021-02-07 22:25:38,78.50,32.95,2.40,7.53
2021-02-07 22:29:38,78.50,33.22,2.48,7.15
2021-02-07 22:33:38,78.44,32.91,2.82,7.44
2021-02-07 22:37:38,78.50,33.09,2.91,7.40
2021-02-07 22:41:38,78.47,33.10,2.84,7.11
2021-02-07 22:45:38,78.48,33.28,2.97,6.24
2021-02-07 22:49:38,78.45,33.23,3.02,8.07
2021-02-07 22:53:38,78.44,33.16,3.09,6.01
2021-02-07 22:57:38,78.43,33.41,2.97,6.65
2021-02-07 23:01:38,78.39,33.34,3.01,8.84
2021-02-07 23:05:38,78.39,33.18,2.99,6.33
2021-02-07 23:09:38,78.36,33.56,2.84,8.97
2021-02-07 23:13:38,78.29,33.64,2.58,8.03
2021-02-07 23:17:38,78.33,33.44,2.92,7.43
2021-02-07 23:21:38,78.34,33.37,2.99,7.13
2021-02-07 23:25:38,78.33,33.23,2.67,6.28
2021-02-07 23:29:38,78.34,33.40,2.67,6.47
2021-02-07 23:33:38,78.34,33.24,3.29,6.92
2021-02-07 23:37:38,78.27,33.44,2.77,6.13
2021-02-07 23:41:38,78.22,33.61,2.99,6.70
2021-02-07 23:45:38,78.18,33.87,3.16,7.78
2021-02-07 23:49:38,78.19,33.06,2.89,6.31
2021-02-07 23:53:38,78.22,33.42,3.19,7.37
2021-02-07 23:57:38,78.36,33.44,2.40,9.55
2021-02-08 00:01:38,78.26,33.84,2.25,9.54
2021-02-08 00:05:38,78.32,33.45,2.47,8.71
2021-02-08 00:09:38,78.26,33.40,2.60,8.33
2021-02-08 00:13:38,78.20,33.77,2.89,8.11
2021-02-08 00:17:38,78.12,33.98,3.97,7.28
2021-02-08 00:21:38,78.19,33.53,2.38,7.49
2021-02-08 00:25:38,78.17,33.45,2.23,8.46
2021-02-08 00:29:38,78.16,33.78,3.49,7.32
2021-02-08 00:33:38,78.18,33.57,2.92,8.12
2021-02-08 00:37:38,78.23,33.49,2.19,7.11
2021-02-08 00:41:38,78.13,34.01,3.11,8.17
2021-02-08 00:45:38,78.16,33.61,3.11,7.82
2021-02-08 00:49:38,78.14,33.59,2.69,7.61
2021-02-08 00:53:38,78.06,34.08,3.04,7.51
2021-02-08 00:57:38,78.18,33.68,2.60,8.19
2021-02-08 01:01:38,78.34,33.77,2.97,7.80
2021-02-08 01:05:38,78.28,33.79,2.84,9.18
2021-02-08 01:09:38,78.23,34.02,2.72,8.26
2021-02-08 01:13:38,78.35,33.79,2.23,7.52
2021-02-08 01:17:38,78.17,33.65,2.11,7.00
2021-02-08 01:21:38,78.16,33.82,2.65,8.05
2021-02-08 01:25:38,78.11,34.24,2.55,9.47
2021-02-08 01:29:38,78.08,33.94,2.16,7.35
2021-02-08 01:33:38,78.07,33.89,2.79,7.49
2021-02-08 01:37:38,78.08,34.22,3.95,7.45
2021-02-08 01:41:38,78.11,33.88,2.67,7.74
2021-02-08 01:45:38,78.00,33.35,2.26,7.80
2021-02-08 01:49:38,78.00,34.10,2.38,7.46
2021-02-08 01:53:38,78.02,34.05,2.96,7.41
2021-02-08 01:57:38,78.01,33.55,2.40,8.35
2021-02-08 02:01:38,78.02,33.97,2.80,7.39
2021-02-08 02:05:38,78.05,34.08,3.80,6.73
2021-02-08 02:09:38,78.02,33.75,2.26,8.21
2021-02-08 02:13:38,78.03,33.87,2.84,6.56
2021-02-08 02:17:38,78.07,34.01,2.67,7.92
2021-02-08 02:21:38,78.10,34.03,2.82,8.05
2021-02-08 02:25:38,78.05,34.15,3.04,6.90
2021-02-08 02:29:38,78.02,33.78,2.52,7.49
2021-02-08 02:33:38,78.08,34.14,2.45,7.94
2021-02-08 02:37:38,78.09,33.78,2.43,7.95
2021-02-08 02:41:38,78.11,34.15,2.67,7.39
2021-02-08 02:45:38,78.10,33.66,2.46,7.81
2021-02-08 02:49:38,78.23,33.61,2.28,7.62
2021-02-08 02:53:38,78.06,34.01,2.72,6.97
2021-02-08 02:57:38,78.04,34.15,2.84,7.38
2021-02-08 03:01:38,78.13,33.56,2.23,7.03
2021-02-08 03:05:38,78.07,33.93,2.50,7.11
2021-02-08 03:09:38,78.08,34.18,3.26,6.96
2021-02-08 03:13:38,78.08,33.66,2.33,7.39
2021-02-08 03:17:38,78.16,33.63,2.23,7.09
2021-02-08 03:21:38,78.22,34.03,2.33,8.17
2021-02-08 03:25:38,78.16,33.98,2.13,7.79
2021-02-08 03:29:38,78.09,33.84,2.38,7.83
2021-02-08 03:33:38,78.03,33.59,2.11,7.70
2021-02-08 03:37:38,78.13,33.91,2.31,7.20
2021-02-08 03:41:38,78.13,33.88,2.47,7.28
2021-02-08 03:45:38,78.12,33.77,2.42,7.16
2021-02-08 03:49:38,78.15,33.86,2.25,7.24
2021-02-08 03:53:38,78.16,33.91,2.57,7.27
2021-02-08 03:57:38,78.18,33.80,2.23,7.25
2021-02-08 04:01:38,78.16,33.89,2.26,7.22
2021-02-08 04:05:38,78.17,33.81,2.65,6.85
2021-02-08 04:09:38,78.19,33.85,2.40,7.01
2021-02-08 04:13:38,78.20,33.90,2.26,7.33
2021-02-08 04:17:38,78.18,33.91,2.42,6.96
2021-02-08 04:21:38,78.22,33.96,2.58,8.26
2021-02-08 04:25:38,78.23,33.93,2.35,7.15
2021-02-08 04:29:38,78.11,33.77,2.38,6.38
2021-02-08 04:33:38,78.19,33.93,2.52,8.17
2021-02-08 04:37:38,78.05,33.72,2.45,6.77
2021-02-08 04:41:38,78.12,33.92,2.13,6.33
2021-02-08 04:45:38,78.14,33.88,2.13,7.02
2021-02-08 04:49:38,77.89,33.19,2.25,4.61
2021-02-08 04:53:38,78.15,33.74,2.53,5.39
2021-02-08 04:57:38,77.91,33.06,2.36,5.26
2021-02-08 05:01:38,77.97,32.13,2.79,4.86
2021-02-08 05:05:38,78.02,32.41,2.86,4.57
2021-02-08 05:09:38,77.96,32.88,2.77,4.29
2021-02-08 05:13:38,77.93,32.70,2.74,4.63
2021-02-08 05:17:38,77.98,32.71,3.02,4.46
2021-02-08 05:21:38,77.91,32.96,2.92,4.50
2021-02-08 05:25:38,77.95,32.78,3.09,4.42
2021-02-08 05:29:38,77.99,32.74,3.02,4.46
2021-02-08 05:33:38,77.94,32.90,3.01,4.36
2021-02-08 05:37:38,77.95,32.99,3.14,4.16
2021-02-08 05:41:38,78.13,32.62,3.37,4.80
2021-02-08 05:45:38,78.33,32.46,3.49,4.55
2021-02-08 05:49:38,78.28,32.52,3.33,4.64
2021-02-08 05:53:38,78.11,32.83,3.45,4.38
2021-02-08 05:57:38,78.32,32.60,3.40,4.60
2021-02-08 06:01:38,78.27,32.74,3.54,4.83
2021-02-08 06:05:38,78.34,32.69,3.76,5.09
2021-02-08 06:09:38,78.20,32.96,3.42,4.48
2021-02-08 06:13:38,78.18,32.91,3.61,4.55
2021-02-08 06:17:38,78.09,33.20,3.54,4.45
2021-02-08 06:21:38,78.08,33.23,3.63,4.38
2021-02-08 06:25:38,78.33,32.92,3.59,4.60
2021-02-08 06:29:38,78.11,33.22,3.92,3.98
2021-02-08 06:33:38,78.13,33.10,3.64,4.09
2021-02-08 06:37:38,78.32,32.96,3.85,4.66
2021-02-08 06:41:38,78.34,32.98,3.92,4.56
2021-02-08 06:45:38,78.37,32.76,4.06,4.82
2021-02-08 06:49:38,78.55,32.59,3.92,4.82
2021-02-08 06:53:38,78.00,33.38,3.97,4.39
2021-02-08 06:57:38,78.13,32.63,3.97,4.86
2021-02-08 07:01:38,78.37,32.57,3.86,4.75
2021-02-08 07:05:38,78.27,33.21,4.28,4.42
2021-02-08 07:09:38,78.16,33.16,3.78,4.11
2021-02-08 07:13:38,78.08,32.65,3.83,4.04
2021-02-08 07:17:38,78.54,32.47,4.04,4.36
2021-02-08 07:21:38,78.77,32.38,4.02,4.88
2021-02-08 07:25:38,78.37,32.54,3.52,4.47
2021-02-08 07:29:38,78.61,31.78,3.93,4.88
2021-02-08 07:33:38,78.53,32.54,4.06,4.58
2021-02-08 07:37:38,78.11,32.31,4.18,3.96
2021-02-08 07:41:38,78.41,32.41,4.12,4.58
2021-02-08 07:45:38,78.11,32.88,4.02,4.01
2021-02-08 07:49:38,78.16,33.20,4.11,3.52
2021-02-08 07:53:38,78.10,33.44,4.23,3.66
2021-02-08 07:57:38,78.09,33.34,4.37,3.36
2021-02-08 08:01:38,78.14,33.13,3.80,3.56
2021-02-08 08:05:38,77.88,33.66,3.92,3.43
2021-02-08 08:09:38,78.00,33.18,3.49,3.93
2021-02-08 08:13:38,77.89,32.92,3.57,4.17
2021-02-08 08:17:38,77.90,33.64,3.85,4.39
2021-02-08 08:21:38,77.99,33.53,4.46,4.86
2021-02-08 08:25:38,78.17,33.01,4.21,4.28
2021-02-08 08:29:38,78.20,33.28,4.46,4.71
2021-02-08 08:33:38,78.36,33.28,4.47,4.49
2021-02-08 08:37:38,78.06,33.80,4.59,4.49
2021-02-08 08:41:38,78.06,33.72,4.66,3.56
2021-02-08 08:45:38,77.98,33.98,4.40,3.68
2021-02-08 08:49:38,78.02,33.83,4.11,4.10
2021-02-08 08:53:38,78.05,33.71,3.66,4.48
2021-02-08 08:57:38,77.98,33.94,4.32,4.38
2021-02-08 09:01:38,78.08,33.50,3.42,3.84
2021-02-08 09:05:38,77.84,34.07,4.42,3.25
2021-02-08 09:09:38,77.98,33.81,3.85,3.73
2021-02-08 09:13:38,77.95,33.89,3.78,3.79
2021-02-08 09:17:38,77.97,33.87,4.02,3.79
2021-02-08 09:21:38,78.00,33.73,3.39,4.06
2021-02-08 09:25:38,78.04,33.54,3.59,3.75
2021-02-08 09:29:38,77.99,33.83,3.42,3.70
2021-02-08 09:33:38,78.02,33.68,3.57,3.62
2021-02-08 09:37:38,78.07,33.45,3.35,3.71
2021-02-08 09:41:38,78.00,33.89,2.94,3.90
2021-02-08 09:45:38,78.02,33.76,3.35,4.01
2021-02-08 09:49:38,78.07,33.52,3.40,4.07
2021-02-08 09:53:38,78.01,33.83,3.59,3.88
2021-02-08 09:57:38,78.03,33.52,3.47,4.28
2021-02-08 10:01:38,78.00,33.60,3.80,4.08
2021-02-08 10:05:38,78.07,33.32,3.68,4.07
2021-02-08 10:09:38,78.01,33.61,3.19,3.52
2021-02-08 10:13:38,77.99,33.74,3.40,4.06
2021-02-08 10:17:38,78.07,33.30,3.54,4.19
2021-02-08 10:21:38,78.08,33.07,3.50,4.11
2021-02-08 10:25:38,78.01,33.12,3.47,4.13
2021-02-08 10:29:38,78.00,33.16,3.45,3.88
2021-02-08 10:33:38,77.90,33.06,3.85,3.57
2021-02-08 10:37:38,78.01,33.41,3.92,3.66
2021-02-08 10:41:38,77.99,33.33,3.76,3.35
2021-02-08 10:45:38,78.00,33.25,3.61,3.62
2021-02-08 10:49:38,78.03,33.26,3.85,3.62
2021-02-08 10:53:38,78.02,33.35,3.73,3.72
2021-02-08 10:57:38,77.98,33.41,3.52,3.23
2021-02-08 11:01:38,77.91,33.54,3.92,3.08
2021-02-08 11:05:38,77.92,33.44,3.39,2.83
2021-02-08 11:09:38,77.93,33.37,3.68,3.02
2021-02-08 11:13:38,77.96,33.21,3.97,3.24
2021-02-08 11:17:38,77.98,33.17,3.61,2.99
2021-02-08 11:21:38,78.00,33.17,3.87,2.87
2021-02-08 11:25:38,78.02,33.44,3.80,3.12
2021-02-08 11:29:38,78.04,33.09,3.90,2.86
2021-02-08 11:33:38,78.02,32.95,3.40,2.76
2021-02-08 11:37:38,78.04,33.20,3.83,3.20
2021-02-08 11:41:38,78.09,32.88,3.64,3.08
2021-02-08 11:45:38,78.05,33.29,3.73,3.03
2021-02-08 11:49:38,78.08,33.15,3.01,2.40
2021-02-08 11:53:38,78.04,33.47,3.78,3.17
2021-02-08 11:57:38,78.09,33.37,3.66,2.84
2021-02-08 12:01:38,78.11,32.98,2.99,2.39
2021-02-08 12:05:38,78.06,33.40,3.49,2.75
2021-02-08 12:09:38,77.97,33.48,3.40,2.96
2021-02-08 12:13:38,77.97,33.36,3.26,2.67
2021-02-08 12:17:38,77.94,33.61,4.38,2.90
2021-02-08 12:21:38,78.13,32.60,3.38,2.48
2021-02-08 12:25:38,77.89,33.55,4.02,2.13
2021-02-08 12:29:38,77.91,33.68,13.83,1.85
2021-02-08 12:33:38,77.84,33.58,10.18,1.97
2021-02-08 12:37:38,77.86,33.61,10.95,1.82
2021-02-08 12:41:38,77.94,33.36,7.94,1.88
2021-02-08 12:45:38,77.88,33.53,8.31,2.24
2021-02-08 12:49:38,77.87,33.63,7.22,2.17
2021-02-08 12:53:38,78.14,32.68,3.92,2.58
2021-02-08 12:57:38,77.96,33.36,5.41,2.03
2021-02-08 13:01:38,78.05,32.98,4.93,2.20
2021-02-08 13:05:38,78.06,33.05,4.73,2.14
2021-02-08 13:09:38,78.03,33.44,5.15,1.80
2021-02-08 13:13:38,78.14,32.99,4.39,2.12
2021-02-08 13:17:38,78.11,33.35,4.47,1.72
2021-02-08 13:21:38,78.20,32.97,3.97,2.25
2021-02-08 13:25:38,78.20,33.05,3.39,3.86
2021-02-08 13:29:38,78.43,32.75,3.19,3.67
2021-02-08 13:33:38,78.49,32.97,3.39,5.20
2021-02-08 13:37:38,78.44,33.16,3.95,5.53
2021-02-08 13:41:38,78.53,32.96,3.12,5.58
2021-02-08 13:45:38,78.46,33.11,2.92,5.60
2021-02-08 13:49:38,78.39,33.26,3.40,5.47
2021-02-08 13:53:38,78.40,33.21,3.29,5.72
2021-02-08 13:57:38,78.70,32.52,3.35,6.58
2021-02-08 14:01:38,78.52,33.01,3.47,7.27
2021-02-08 14:05:38,78.40,33.32,3.28,5.06
2021-02-08 14:09:38,78.54,33.18,3.26,6.55
2021-02-08 14:13:38,78.54,32.97,3.32,4.95
2021-02-08 14:17:38,78.49,33.28,3.49,5.23
2021-02-08 14:21:38,78.53,33.15,3.24,5.78
2021-02-08 14:25:38,78.54,33.16,3.21,5.79
2021-02-08 14:29:38,78.60,32.94,3.47,6.34
2021-02-08 14:33:38,78.72,32.72,3.26,5.32
2021-02-08 14:37:38,78.65,32.94,3.28,5.38
2021-02-08 14:41:38,78.61,33.16,3.26,5.70
2021-02-08 14:45:38,78.70,32.84,3.47,5.73
2021-02-08 14:49:38,78.59,33.43,3.29,6.59
2021-02-08 14:53:38,78.65,33.10,2.82,5.17
2021-02-08 14:57:38,78.73,32.88,3.04,4.55
2021-02-08 15:01:38,78.71,33.05,3.38,4.86
2021-02-08 15:05:38,78.73,32.99,3.26,5.55
2021-02-08 15:09:38,78.65,33.32,3.26,6.19
2021-02-08 15:13:38,78.78,32.89,3.35,5.36
2021-02-08 15:17:38,78.72,33.08,3.76,4.49
2021-02-08 15:21:38,78.74,33.12,3.38,6.19
2021-02-08 15:25:38,78.78,32.91,3.09,3.49
2021-02-08 15:29:38,78.93,32.85,3.06,3.16
2021-02-08 15:33:38,78.90,32.84,3.07,3.45
2021-02-08 15:37:38,78.92,32.87,2.82,3.25
2021-02-08 15:41:38,78.97,32.78,3.06,3.15
2021-02-08 15:45:38,78.84,32.97,2.82,3.40
2021-02-08 15:49:38,78.91,32.89,3.35,4.64
2021-02-08 15:53:38,79.19,32.56,3.26,4.25
2021-02-08 15:57:38,78.85,33.03,3.04,4.54
2021-02-08 16:01:38,79.28,32.94,2.91,4.92
2021-02-08 16:05:38,79.41,32.76,2.99,4.39
2021-02-08 16:09:38,79.50,32.85,2.72,4.83
2021-02-08 16:13:38,79.54,32.86,3.04,7.19
2021-02-08 16:17:38,79.60,32.87,2.89,4.86
2021-02-08 16:21:38,79.62,32.68,3.59,8.29
2021-02-08 16:25:38,79.54,33.22,3.37,8.51
2021-02-08 16:29:38,79.68,32.83,3.32,7.20
2021-02-08 16:33:38,79.67,32.91,2.79,5.57
2021-02-08 16:37:38,79.50,33.15,3.56,6.33
2021-02-08 16:41:38,79.61,32.94,3.14,6.14
2021-02-08 16:45:38,79.62,32.89,3.18,5.83
2021-02-08 16:49:38,79.61,32.91,2.89,5.08
2021-02-08 16:53:38,79.55,32.46,2.80,4.99
2021-02-08 16:57:38,79.57,33.25,2.94,5.39
2021-02-08 17:01:38,79.55,32.88,2.89,5.84
2021-02-08 17:05:38,79.47,32.80,3.12,6.98
2021-02-08 17:09:38,79.52,32.47,2.96,6.46
2021-02-08 17:13:38,79.51,32.45,3.04,6.49
2021-02-08 17:17:38,79.28,33.40,3.40,7.71
2021-02-08 17:21:38,79.49,32.51,2.74,6.69
2021-02-08 17:25:38,79.49,32.16,2.91,6.90
2021-02-08 17:29:38,79.11,33.30,3.42,8.16
2021-02-08 17:33:38,79.43,32.59,3.24,7.31
2021-02-08 17:37:38,79.00,32.55,4.63,6.38
2021-02-08 17:41:38,78.72,33.07,10.39,5.01
2021-02-08 17:45:38,78.59,33.36,3.52,5.84
2021-02-08 17:49:38,79.16,31.65,2.45,5.21
2021-02-08 17:53:38,79.04,30.95,2.43,5.33
2021-02-08 17:57:38,78.69,33.42,3.33,5.81
2021-02-08 18:01:38,78.88,31.96,2.84,7.14
2021-02-08 18:05:38,78.88,30.67,3.11,6.34
2021-02-08 18:09:38,78.93,31.12,2.92,6.36
2021-02-08 18:13:38,78.90,32.32,3.06,6.47
2021-02-08 18:17:38,79.19,30.47,3.11,6.95
2021-02-08 18:21:38,78.92,31.85,2.91,6.67
2021-02-08 18:25:38,78.89,32.39,3.16,7.01
2021-02-08 18:29:38,78.84,32.03,3.21,6.38
2021-02-08 18:33:38,78.98,31.66,2.96,6.65
2021-02-08 18:37:38,78.86,33.07,2.94,6.69
2021-02-08 18:41:38,78.84,33.10,2.80,6.63
2021-02-08 18:45:38,78.97,31.49,3.06,7.05
2021-02-08 18:49:38,78.90,32.96,2.65,6.65
2021-02-08 18:53:38,78.84,33.07,2.65,7.35
2021-02-08 18:57:38,78.79,33.34,2.77,6.72
2021-02-08 19:01:38,78.86,32.97,2.87,6.88
2021-02-08 19:05:38,78.80,33.26,2.35,7.44
2021-02-08 19:09:38,78.83,33.06,2.47,6.28
2021-02-08 19:13:38,78.72,33.46,2.62,6.88
2021-02-08 19:17:38,78.75,33.37,2.72,6.98
2021-02-08 19:21:38,78.87,32.72,2.60,5.30
2021-02-08 19:25:38,78.81,33.17,2.50,7.50
2021-02-08 19:29:38,78.83,33.14,2.43,5.92
2021-02-08 19:33:38,78.79,32.87,2.40,6.78
2021-02-08 19:37:38,78.85,32.83,2.50,6.58
2021-02-08 19:41:38,78.85,32.71,2.30,6.79
2021-02-08 19:45:38,78.96,32.57,2.26,7.66
2021-02-08 19:49:38,78.95,32.55,2.26,7.09
2021-02-08 19:53:38,78.95,32.30,2.38,8.27
2021-02-08 19:57:38,78.79,33.13,2.18,8.73
2021-02-08 20:01:38,78.78,33.03,2.30,6.89
2021-02-08 20:05:38,78.81,32.79,2.20,6.54
2021-02-08 20:09:38,78.78,32.80,2.50,6.66
2021-02-08 20:13:38,78.79,32.77,2.89,6.24
2021-02-08 20:17:38,78.59,33.54,3.59,5.80
2021-02-08 20:21:38,78.78,32.61,2.38,5.89
2021-02-08 20:25:38,78.76,32.49,2.09,5.53
2021-02-08 20:29:38,78.65,32.98,2.67,5.44
2021-02-08 20:33:38,78.65,32.83,2.84,5.48
2021-02-08 20:37:38,78.70,32.72,2.28,5.88
2021-02-08 20:41:38,78.71,32.79,2.18,6.02
2021-02-08 20:45:38,78.67,32.94,2.23,7.73
2021-02-08 20:49:38,78.60,33.21,2.18,8.04
2021-02-08 20:53:38,78.61,33.26,2.62,6.17
2021-02-08 20:57:38,78.65,33.02,2.30,6.41
2021-02-08 21:01:38,78.66,33.04,2.60,5.63
2021-02-08 21:05:38,78.63,33.31,2.47,5.85
2021-02-08 21:09:38,78.68,33.20,2.72,5.89
2021-02-08 21:13:38,78.66,32.93,2.50,4.66
2021-02-08 21:17:38,78.67,32.92,2.42,4.84
2021-02-08 21:21:38,78.68,32.96,2.69,5.33
2021-02-08 21:25:38,78.67,33.10,2.50,4.13
2021-02-08 21:29:38,78.66,33.01,2.84,5.01
2021-02-08 21:33:38,78.70,32.71,2.92,7.05
2021-02-08 21:37:38,78.68,32.76,2.21,6.77
2021-02-08 21:41:38,78.64,33.18,2.11,6.44
2021-02-08 21:45:38,78.62,33.44,2.45,5.99
2021-02-08 21:49:38,78.69,32.87,1.99,5.88
2021-02-08 21:53:38,78.34,32.77,2.08,6.62
2021-02-08 21:57:38,78.66,33.24,2.03,7.19
2021-02-08 22:01:38,78.52,32.99,2.06,6.20
2021-02-08 22:05:38,78.56,32.99,2.13,6.53
2021-02-08 22:09:38,78.61,32.96,2.35,6.08
2021-02-08 22:13:38,78.57,33.18,2.57,5.98
2021-02-08 22:17:38,78.62,33.01,2.28,5.24
2021-02-08 22:21:38,78.61,32.89,2.28,5.33
2021-02-08 22:25:38,78.68,32.88,2.33,5.44
2021-02-08 22:29:38,78.59,33.08,2.38,5.15
2021-02-08 22:33:38,78.48,33.31,2.26,5.56
2021-02-08 22:37:38,78.53,33.13,2.23,5.66
2021-02-08 22:41:38,78.56,33.05,2.18,5.44
2021-02-08 22:45:38,78.60,33.38,1.99,5.96
2021-02-08 22:49:38,78.67,33.36,2.18,5.86
2021-02-08 22:53:38,78.54,32.89,2.08,5.90
2021-02-08 22:57:38,78.57,33.01,2.11,6.20
2021-02-08 23:01:38,78.61,33.23,2.01,6.03
2021-02-08 23:05:38,78.57,33.04,2.01,6.11
2021-02-08 23:09:38,78.58,33.00,2.01,5.36
2021-02-08 23:13:38,78.57,33.61,2.97,5.43
2021-02-08 23:17:38,78.61,33.02,1.99,5.66
2021-02-08 23:21:38,78.62,33.20,2.18,4.99
2021-02-08 23:25:38,78.65,33.29,2.16,5.06
2021-02-08 23:29:38,78.64,33.42,2.60,5.19
2021-02-08 23:33:38,78.59,33.21,2.36,5.20
2021-02-08 23:37:38,78.48,33.07,2.09,5.20
2021-02-08 23:41:38,78.58,33.36,2.20,5.12
2021-02-08 23:45:38,78.58,33.53,2.82,5.48
2021-02-08 23:49:38,78.52,33.17,2.32,4.29
2021-02-08 23:53:38,78.43,33.07,2.23,4.96
2021-02-08 23:57:38,78.55,33.37,2.65,4.88
2021-02-09 00:01:38,78.57,33.56,2.57,4.89
2021-02-09 00:05:38,78.54,33.16,2.04,4.82
2021-02-09 00:09:38,78.57,33.31,2.37,5.09
2021-02-09 00:13:38,78.55,33.35,2.43,5.24
2021-02-09 00:17:38,78.55,33.62,2.21,5.01
2021-02-09 00:21:38,78.51,33.22,2.11,5.00
2021-02-09 00:25:38,78.51,33.69,2.50,5.54
2021-02-09 00:29:38,78.53,33.59,2.50,5.23
2021-02-09 00:33:38,78.54,33.46,2.13,5.27
2021-02-09 00:37:38,78.54,33.43,2.11,5.03
2021-02-09 00:41:38,78.53,33.44,2.09,4.84
2021-02-09 00:45:38,78.50,33.74,2.70,5.54
2021-02-09 00:49:38,78.39,33.14,1.94,4.77
2021-02-09 00:53:38,78.47,33.68,2.18,5.02
2021-02-09 00:57:38,78.47,33.69,2.52,5.23
2021-02-09 01:01:38,78.44,33.32,2.06,5.27
2021-02-09 01:05:38,78.46,33.70,2.38,5.39
2021-02-09 01:09:38,78.51,33.50,2.06,5.03
2021-02-09 01:13:38,78.46,33.68,2.40,5.14
2021-02-09 01:17:38,78.48,33.67,2.21,4.72
2021-02-09 01:21:38,78.48,33.69,2.67,5.01
2021-02-09 01:25:38,78.50,33.67,2.47,5.25
2021-02-09 01:29:38,78.46,33.77,2.57,4.89
2021-02-09 01:33:38,78.45,33.97,2.87,5.61
2021-02-09 01:37:38,78.48,33.58,2.47,5.24
2021-02-09 01:41:38,78.46,33.73,2.28,4.92
2021-02-09 01:45:38,78.45,33.87,2.96,5.88
2021-02-09 01:49:38,78.46,33.74,2.79,5.31
2021-02-09 01:53:38,78.44,33.54,2.47,4.94
2021-02-09 01:57:38,78.41,33.77,2.99,5.48
2021-02-09 02:01:38,78.41,33.82,3.07,5.89
2021-02-09 02:05:38,78.41,33.93,2.77,5.36
2021-02-09 02:09:38,78.40,33.68,2.87,5.44
2021-02-09 02:13:38,78.41,33.67,2.13,4.78
2021-02-09 02:17:38,78.44,33.73,2.63,5.38
2021-02-09 02:21:38,78.40,33.95,3.16,6.02
2021-02-09 02:25:38,78.41,33.82,3.06,5.40
2021-02-09 02:29:38,78.36,33.60,2.69,5.36
2021-02-09 02:33:38,78.38,33.78,2.82,5.75
2021-02-09 02:37:38,78.38,33.89,2.62,5.07
2021-02-09 02:41:38,78.34,33.59,2.67,5.30
2021-02-09 02:45:38,78.36,33.60,2.23,4.99
2021-02-09 02:49:38,78.46,34.11,2.67,6.05
2021-02-09 02:53:38,78.35,33.85,2.21,4.82
2021-02-09 02:57:38,78.36,33.53,1.89,4.32
2021-02-09 03:01:38,78.34,33.51,2.11,4.62
2021-02-09 03:05:38,78.38,33.94,2.89,5.90
2021-02-09 03:09:38,78.37,33.77,2.42,4.92
2021-02-09 03:13:38,78.41,33.72,2.28,4.82
2021-02-09 03:17:38,78.37,33.88,2.35,4.92
2021-02-09 03:21:38,78.40,34.04,2.35,4.89
2021-02-09 03:25:38,78.36,33.69,2.23,4.78
2021-02-09 03:29:38,78.34,33.63,2.09,4.69
2021-02-09 03:33:38,78.35,33.76,2.35,4.83
2021-02-09 03:37:38,78.36,33.73,2.50,4.80
2021-02-09 03:41:38,78.43,33.58,2.06,4.30
2021-02-09 03:45:38,78.38,33.69,2.50,4.14
2021-02-09 03:49:38,78.37,33.77,2.45,5.10
2021-02-09 03:53:38,78.46,33.67,2.48,4.58
2021-02-09 03:57:38,78.35,33.77,2.43,4.82
2021-02-09 04:01:38,78.36,33.79,2.52,4.87
2021-02-09 04:05:38,78.40,33.76,2.40,4.60
2021-02-09 04:09:38,78.37,33.80,2.53,4.65
2021-02-09 04:13:38,78.39,33.82,2.55,4.81
2021-02-09 04:17:38,78.43,33.78,2.45,4.58
2021-02-09 04:21:38,78.46,33.77,2.28,4.48
2021-02-09 04:25:38,78.43,33.86,2.45,4.59
2021-02-09 04:29:38,78.39,33.80,2.42,4.87
2021-02-09 04:33:38,78.40,33.79,2.45,4.80
2021-02-09 04:37:38,78.35,33.87,2.62,4.85
2021-02-09 04:41:38,78.35,33.83,2.67,4.91
2021-02-09 04:45:38,78.35,33.88,2.42,4.59
2021-02-09 04:49:38,78.37,33.95,2.53,5.09
2021-02-09 04:53:38,78.37,33.97,2.99,5.68
2021-02-09 04:57:38,78.35,33.91,2.45,4.90
2021-02-09 05:01:38,78.33,33.84,2.21,4.42
2021-02-09 05:05:38,78.37,33.97,2.62,5.21
2021-02-09 05:09:38,78.35,33.87,2.30,4.80
2021-02-09 05:13:38,78.37,33.92,2.60,5.04
2021-02-09 05:17:38,78.36,33.89,2.50,4.74
2021-02-09 05:21:38,78.35,33.84,2.26,4.55
2021-02-09 05:25:38,78.34,33.81,2.15,4.46
2021-02-09 05:29:38,78.32,33.76,2.11,4.35
2021-02-09 05:33:38,78.31,33.67,2.26,4.80
2021-02-09 05:37:38,78.28,33.59,1.91,3.82
2021-02-09 05:41:38,78.25,33.54,1.99,3.61
2021-02-09 05:45:38,78.13,33.37,2.67,4.20
2021-02-09 05:49:38,78.15,33.20,2.52,3.40
2021-02-09 05:53:38,78.14,33.39,2.59,3.29
2021-02-09 05:57:38,78.20,33.02,2.42,3.24
2021-02-09 06:01:38,78.20,32.93,2.43,3.04
2021-02-09 06:05:38,78.20,32.95,2.74,3.16
2021-02-09 06:09:38,78.26,32.86,2.48,3.08
2021-02-09 06:13:38,78.27,33.12,2.94,3.42
2021-02-09 06:17:38,78.21,33.27,2.79,3.28
2021-02-09 06:21:38,78.48,32.42,2.64,3.33
2021-02-09 06:25:38,78.36,33.07,2.89,3.49
2021-02-09 06:29:38,78.51,32.54,2.99,3.39
2021-02-09 06:33:38,78.21,33.42,3.47,3.04
2021-02-09 06:37:38,77.95,34.00,3.57,3.29
2021-02-09 06:41:38,78.18,32.92,2.87,3.36
2021-02-09 06:45:38,78.24,32.33,3.04,3.71
2021-02-09 06:49:38,78.38,32.80,3.29,3.81
2021-02-09 06:53:38,78.31,33.10,3.31,3.92
2021-02-09 06:57:38,78.70,32.18,3.16,3.92
2021-02-09 07:01:38,78.62,32.29,3.35,3.87
2021-02-09 07:05:38,78.41,32.81,3.28,3.71
2021-02-09 07:09:38,78.50,32.26,3.51,3.33
2021-02-09 07:13:38,79.20,31.11,3.35,4.09
2021-02-09 07:17:38,79.17,31.36,3.16,4.48
2021-02-09 07:21:38,79.05,32.00,3.39,4.26
2021-02-09 07:25:38,78.87,32.06,3.09,3.93
2021-02-09 07:29:38,78.48,31.84,3.14,3.70
2021-02-09 07:33:38,78.00,33.05,3.44,3.26
2021-02-09 07:37:38,78.33,32.55,3.68,3.98
2021-02-09 07:41:38,78.58,32.86,3.59,3.95
2021-02-09 07:45:38,78.67,31.93,3.83,4.27
2021-02-09 07:49:38,78.33,32.73,4.16,3.85
2021-02-09 07:53:38,78.63,32.01,3.59,4.33
2021-02-09 07:57:38,78.64,32.58,3.61,4.36
2021-02-09 08:01:38,78.74,32.55,3.59,4.25
2021-02-09 08:05:38,78.55,32.98,3.61,4.26
2021-02-09 08:09:38,78.57,32.84,3.54,4.31
2021-02-09 08:13:38,78.78,32.51,3.75,4.78
2021-02-09 08:17:38,78.73,32.99,3.69,4.80
2021-02-09 08:21:38,78.58,32.38,3.83,5.06
2021-02-09 08:25:38,78.65,32.76,4.09,4.89
2021-02-09 08:29:38,78.58,33.19,4.04,5.86
2021-02-09 08:33:38,78.70,33.19,4.01,5.92
2021-02-09 08:37:38,78.78,32.70,3.70,5.47
2021-02-09 08:41:38,78.60,32.87,4.28,5.32
2021-02-09 08:45:38,78.40,33.14,9.79,4.49
2021-02-09 08:49:38,78.17,33.11,10.23,3.95
2021-02-09 08:53:38,78.23,33.04,5.83,3.83
2021-02-09 08:57:38,78.14,33.36,6.42,3.74
2021-02-09 09:01:38,77.92,33.48,5.08,3.98
2021-02-09 09:05:38,78.14,32.90,3.64,4.10
2021-02-09 09:09:38,77.99,33.31,4.28,4.63
2021-02-09 09:13:38,78.14,33.04,4.75,4.20
2021-02-09 09:17:38,78.00,33.43,4.93,4.66
2021-02-09 09:21:38,78.16,32.85,6.36,4.09
2021-02-09 09:25:38,77.97,33.59,5.73,4.32
2021-02-09 09:29:38,77.96,33.77,4.44,3.98
2021-02-09 09:33:38,77.99,32.89,4.42,3.74
2021-02-09 09:37:38,78.11,33.22,4.98,3.92
2021-02-09 09:41:38,78.04,33.12,4.84,4.20
2021-02-09 09:45:38,77.93,34.11,5.49,4.14
2021-02-09 09:49:38,77.96,33.17,4.13,3.88
2021-02-09 09:53:38,78.02,33.32,4.70,3.71
2021-02-09 09:57:38,78.03,33.59,4.61,4.10
2021-02-09 10:01:38,78.02,33.57,4.83,4.31
2021-02-09 10:05:38,78.02,33.50,4.80,4.67
2021-02-09 10:09:38,77.98,33.72,3.31,3.95
2021-02-09 10:13:38,78.07,33.71,3.63,4.16
2021-02-09 10:17:38,77.88,33.37,4.61,3.67
2021-02-09 10:21:38,77.78,33.72,12.80,3.69
2021-02-09 10:25:38,77.65,33.94,9.22,3.48
2021-02-09 10:29:38,77.88,33.08,5.31,4.52
2021-02-09 10:33:38,77.72,33.76,8.09,3.77
2021-02-09 10:37:38,77.70,33.42,6.89,3.63
2021-02-09 10:41:38,77.73,33.40,5.68,3.98
2021-02-09 10:45:38,78.06,33.43,3.59,4.11
2021-02-09 10:49:38,77.87,33.71,4.35,4.06
2021-02-09 10:53:38,78.01,33.46,4.14,3.81
2021-02-09 10:57:38,78.34,33.11,2.92,4.01
2021-02-09 11:01:38,78.21,32.91,3.01,3.89
2021-02-09 11:05:38,78.09,33.62,3.76,3.92
2021-02-09 11:09:38,78.25,33.19,4.35,3.86
2021-02-09 11:13:38,78.20,32.98,3.21,3.83
2021-02-09 11:17:38,78.11,33.70,3.21,4.08
2021-02-09 11:21:38,78.20,33.51,3.19,3.95
2021-02-09 11:25:38,78.19,33.56,2.76,4.15
2021-02-09 11:29:38,78.09,33.87,3.68,4.03
2021-02-09 11:33:38,78.09,33.88,2.70,4.02
2021-02-09 11:37:38,78.01,33.92,3.52,4.00
2021-02-09 11:41:38,78.11,33.74,2.30,3.95
2021-02-09 11:45:38,78.30,33.62,2.92,4.09
2021-02-09 11:49:38,78.25,33.80,3.71,4.28
2021-02-09 11:53:38,78.19,33.86,2.94,4.17
2021-02-09 11:57:38,78.21,33.85,3.61,4.04
2021-02-09 12:01:38,78.38,33.29,2.70,3.71
2021-02-09 12:05:38,78.05,34.02,2.52,4.21
2021-02-09 12:09:38,78.10,33.89,2.77,4.23
2021-02-09 12:13:38,78.11,33.96,3.06,4.00
2021-02-09 12:17:38,78.23,33.35,3.19,3.95
2021-02-09 12:21:38,78.18,33.66,2.57,4.17
2021-02-09 12:25:38,78.00,33.74,5.17,4.25
2021-02-09 12:29:38,78.00,33.69,4.80,3.99
2021-02-09 12:33:38,78.08,33.15,2.72,3.65
2021-02-09 12:37:38,78.00,33.88,3.01,4.09
2021-02-09 12:41:38,78.03,33.97,2.77,4.43
2021-02-09 12:45:38,78.14,33.74,3.68,4.14
2021-02-09 12:49:38,78.15,33.71,3.88,4.23
2021-02-09 12:53:38,78.32,33.71,2.91,4.43
2021-02-09 12:57:38,78.12,33.93,3.47,4.63
2021-02-09 13:01:38,77.91,34.06,5.46,4.15
2021-02-09 13:05:38,78.42,33.25,2.99,3.83
2021-02-09 13:09:38,78.45,33.70,2.84,4.11
2021-02-09 13:13:38,78.11,33.93,3.42,4.26
2021-02-09 13:17:38,77.95,33.95,4.37,3.99
2021-02-09 13:21:38,78.43,33.74,3.09,4.30
2021-02-09 13:25:38,78.35,32.88,3.14,3.72
2021-02-09 13:29:38,77.69,34.42,7.18,2.76
2021-02-09 13:33:38,78.22,32.84,2.42,4.26
2021-02-09 13:37:38,78.46,33.37,2.67,4.23
2021-02-09 13:41:38,78.40,33.76,3.35,4.42
2021-02-09 13:45:38,78.22,33.67,3.61,4.07
2021-02-09 13:49:38,77.92,34.26,4.42,4.11
2021-02-09 13:53:38,78.03,34.05,4.11,4.07
2021-02-09 13:57:38,78.13,33.79,4.49,4.09
2021-02-09 14:01:38,78.00,34.08,3.35,4.54
2021-02-09 14:05:38,78.53,33.40,3.04,4.26
2021-02-09 14:09:38,78.05,34.04,3.33,4.70
2021-02-09 14:13:38,77.91,34.19,4.04,4.17
2021-02-09 14:17:38,78.32,33.53,2.86,4.12
2021-02-09 14:21:38,78.53,33.89,3.49,4.17
2021-02-09 14:25:38,77.94,34.20,4.39,4.38
2021-02-09 14:29:38,78.09,34.03,5.00,4.29
2021-02-09 14:33:38,78.30,33.61,6.09,4.50
2021-02-09 14:37:38,78.19,33.97,3.11,5.04
2021-02-09 14:41:38,78.49,33.80,3.74,4.89
2021-02-09 14:45:38,78.45,33.70,4.02,4.42
2021-02-09 14:49:38,78.39,33.66,3.02,5.20
2021-02-09 14:53:38,78.53,33.74,3.02,5.09
2021-02-09 14:57:38,78.47,33.66,3.11,5.09
2021-02-09 15:01:38,78.17,34.16,3.64,4.83
2021-02-09 15:05:38,78.58,33.73,3.32,4.90
2021-02-09 15:09:38,78.62,33.98,3.21,5.73
2021-02-09 15:13:38,78.41,33.15,2.40,4.12
2021-02-09 15:17:38,78.60,34.03,2.87,4.89
2021-02-09 15:21:38,78.54,34.11,3.07,5.08
2021-02-09 15:25:38,78.71,33.90,2.72,5.03
2021-02-09 15:29:38,78.81,33.94,2.87,4.89
2021-02-09 15:33:38,78.87,33.87,3.11,5.36
2021-02-09 15:37:38,78.71,33.81,2.94,3.75
2021-02-09 15:41:38,78.86,34.08,2.69,4.65
2021-02-09 15:45:38,78.81,33.79,2.65,4.80
2021-02-09 15:49:38,78.87,33.90,2.74,4.15
2021-02-09 15:53:38,78.67,33.73,2.67,3.88
2021-02-09 15:57:38,78.72,33.98,2.82,5.23
2021-02-09 16:01:38,78.79,33.92,2.62,4.86
2021-02-09 16:05:38,78.39,33.17,3.24,3.44
2021-02-09 16:09:38,78.65,34.05,3.23,3.98
2021-02-09 16:13:38,78.70,33.94,2.74,5.48
2021-02-09 16:17:38,78.43,32.99,3.35,4.08
2021-02-09 16:21:38,78.95,30.30,3.04,3.42
2021-02-09 16:25:38,78.85,33.78,3.97,5.01
2021-02-09 16:29:38,79.31,30.12,3.71,5.48
2021-02-09 16:33:38,78.50,34.03,3.76,5.91
2021-02-09 16:37:38,78.39,34.26,4.49,6.14
2021-02-09 16:41:38,78.40,34.13,3.97,5.93
2021-02-09 16:45:38,78.40,34.10,3.73,6.29
2021-02-09 16:49:38,78.46,33.73,3.16,5.84
2021-02-09 16:53:38,78.56,33.86,3.81,5.27
2021-02-09 16:57:38,78.69,33.59,3.23,5.13
2021-02-09 17:01:38,78.79,31.73,3.18,5.22
2021-02-09 17:05:38,78.87,31.26,3.61,5.58
2021-02-09 17:09:38,78.86,32.65,3.83,6.17
2021-02-09 17:13:38,79.05,30.49,3.92,6.23
2021-02-09 17:17:38,79.01,31.05,4.04,6.54
2021-02-09 17:21:38,78.94,31.17,3.92,6.33
2021-02-09 17:25:38,78.89,30.87,4.23,6.46
2021-02-09 17:29:38,78.70,31.72,4.27,6.60
2021-02-09 17:33:38,78.41,34.32,3.68,5.26
2021-02-09 17:37:38,78.57,30.31,3.99,5.69
2021-02-09 17:41:38,78.63,30.33,4.16,5.69
2021-02-09 17:45:38,78.64,30.38,4.13,5.66
2021-02-09 17:49:38,78.56,34.10,4.02,4.91
2021-02-09 17:53:38,78.56,33.98,3.70,6.27
2021-02-09 17:57:38,78.71,31.74,3.66,4.38
2021-02-09 18:01:38,78.50,32.93,3.94,5.06
2021-02-09 18:05:38,78.19,31.08,3.42,3.87
2021-02-09 18:09:38,78.05,30.13,3.78,3.92
2021-02-09 18:13:38,78.47,33.62,3.16,5.17
2021-02-09 18:17:38,78.52,31.36,3.67,3.40
2021-02-09 18:21:38,77.99,29.67,3.99,3.60
2021-02-09 18:25:38,78.19,29.95,4.11,4.00
2021-02-09 18:29:38,78.22,30.05,4.42,3.90
2021-02-09 18:33:38,78.35,31.42,4.06,4.41
2021-02-09 18:37:38,78.23,30.69,4.18,3.92
2021-02-09 18:41:38,78.37,32.49,4.25,3.79
2021-02-09 18:45:38,78.42,30.08,16.52,6.59
2021-02-09 18:49:38,78.34,34.04,5.56,4.28
2021-02-09 18:53:38,78.36,33.75,3.99,3.70
2021-02-09 18:57:38,78.42,33.42,10.62,5.49
2021-02-09 19:01:38,78.38,33.73,18.85,7.56
2021-02-09 19:05:38,78.37,33.81,16.09,7.23
2021-02-09 19:09:38,78.36,33.49,14.86,6.23
2021-02-09 19:13:38,78.08,33.92,4.84,4.83
2021-02-09 19:17:38,78.40,33.74,3.66,4.12
2021-02-09 19:21:38,78.18,34.03,3.29,4.64
2021-02-09 19:25:38,78.35,33.61,3.95,3.23
2021-02-09 19:29:38,78.00,34.01,4.11,3.90
2021-02-09 19:33:38,78.37,33.61,3.49,3.27
2021-02-09 19:37:38,78.35,33.59,12.40,5.39
2021-02-09 19:41:38,78.13,33.91,13.78,5.71
2021-02-09 19:45:38,78.38,33.78,14.09,5.59
2021-02-09 19:49:38,78.05,34.01,13.90,5.61
2021-02-09 19:53:38,78.35,33.81,11.96,5.12
2021-02-09 19:57:38,77.84,34.05,15.27,5.81
2021-02-09 20:01:38,78.30,33.52,11.02,5.38
2021-02-09 20:05:38,78.08,33.79,9.02,4.46
2021-02-09 20:09:38,78.02,33.98,3.02,3.03
2021-02-09 20:13:38,78.03,33.38,2.57,2.91
2021-02-09 20:17:38,77.93,33.81,2.23,3.15
2021-02-09 20:21:38,77.98,33.63,3.35,3.31
2021-02-09 20:25:38,77.84,34.20,4.52,3.50
2021-02-09 20:29:38,77.92,33.93,3.37,3.60
2021-02-09 20:33:38,77.91,32.86,2.52,2.91
2021-02-09 20:37:38,78.04,33.99,3.26,3.26
2021-02-09 20:41:38,77.88,33.83,2.84,3.02
2021-02-09 20:45:38,77.87,34.21,2.80,2.99
2021-02-09 20:49:38,77.88,34.09,3.71,3.31
2021-02-09 20:53:38,77.91,33.97,3.06,3.15
2021-02-09 20:57:38,77.89,34.04,3.59,3.23
2021-02-09 21:01:38,77.92,34.00,3.83,3.25
2021-02-09 21:05:38,77.99,34.06,3.40,3.06
2021-02-09 21:09:38,77.94,33.98,3.47,3.15
2021-02-09 21:13:38,78.13,33.87,2.62,2.96
2021-02-09 21:17:38,77.87,33.91,3.16,3.20
2021-02-09 21:21:38,77.81,33.87,3.49,3.33
2021-02-09 21:25:38,77.85,33.74,4.11,3.27
2021-02-09 21:29:38,77.72,34.05,3.33,2.95
2021-02-09 21:33:38,77.67,33.65,2.89,2.99
2021-02-09 21:37:38,77.67,33.80,2.67,2.76
2021-02-09 21:41:38,77.62,34.22,3.33,3.15
2021-02-09 21:45:38,77.74,33.68,2.42,2.72
2021-02-09 21:49:38,77.62,33.69,2.65,2.72
2021-02-09 21:53:38,77.64,33.60,2.55,2.69
2021-02-09 21:57:38,77.59,34.03,2.87,2.77
2021-02-09 22:01:38,77.61,33.75,3.07,2.90
2021-02-09 22:05:38,77.57,33.70,3.09,2.72
2021-02-09 22:09:38,77.64,33.64,2.77,2.84
2021-02-09 22:13:38,77.60,33.88,3.11,2.87
2021-02-09 22:17:38,77.60,34.07,3.19,3.06
2021-02-09 22:21:38,77.86,33.93,2.92,2.90
2021-02-09 22:25:38,77.96,33.95,2.46,2.38
2021-02-09 22:29:38,77.73,34.09,2.80,2.54
2021-02-09 22:33:38,77.74,34.13,2.99,2.68
2021-02-09 22:37:38,77.66,34.24,3.45,3.18
2021-02-09 22:41:38,77.92,33.93,3.33,2.90
2021-02-09 22:45:38,77.89,34.09,3.52,2.96
2021-02-09 22:49:38,77.43,34.51,4.61,3.48
2021-02-09 22:53:38,77.91,34.07,3.21,2.91
2021-02-09 22:57:38,77.86,34.04,3.07,2.91
2021-02-09 23:01:38,77.76,34.22,3.47,3.48
2021-02-09 23:05:38,77.86,33.98,3.54,3.03
2021-02-09 23:09:38,77.73,34.05,3.16,2.83
2021-02-09 23:13:38,77.61,33.77,2.82,2.60
2021-02-09 23:17:38,77.61,34.09,2.58,2.45
2021-02-09 23:21:38,77.39,34.48,3.68,3.28
2021-02-09 23:25:38,77.47,33.92,2.60,2.50
2021-02-09 23:29:38,77.34,33.83,2.65,2.43
2021-02-09 23:33:38,77.49,34.19,3.45,3.20
2021-02-09 23:37:38,77.44,34.40,2.69,2.60
2021-02-09 23:41:38,77.42,33.88,2.53,2.48
2021-02-09 23:45:38,77.55,34.06,3.07,2.83
2021-02-09 23:49:38,77.46,34.48,2.99,2.62
2021-02-09 23:53:38,77.41,34.05,3.33,2.81
2021-02-09 23:57:38,76.96,33.69,2.50,2.44
2021-02-10 00:01:38,77.43,34.36,2.94,2.87
2021-02-10 00:05:38,77.53,34.29,3.22,3.03
2021-02-10 00:09:38,77.76,34.24,2.80,2.64
2021-02-10 00:13:38,77.63,34.15,2.84,2.77
2021-02-10 00:17:38,77.76,34.29,2.70,2.39
2021-02-10 00:21:38,77.64,34.16,3.04,2.83
2021-02-10 00:25:38,77.80,34.31,3.80,3.86
2021-02-10 00:29:38,77.81,34.24,2.99,2.77
2021-02-10 00:33:38,77.75,34.47,3.35,3.11
2021-02-10 00:37:38,77.81,34.19,2.84,2.62
2021-02-10 00:41:38,77.47,34.57,3.68,3.55
2021-02-10 00:45:38,77.36,34.59,3.54,3.25
2021-02-10 00:49:38,77.14,33.78,2.77,2.49
2021-02-10 00:53:38,77.46,34.32,3.31,3.07
2021-02-10 00:57:38,77.60,34.39,4.25,3.73
2021-02-10 01:01:38,77.55,34.34,3.35,2.91
2021-02-10 01:05:38,77.34,34.58,3.19,2.69
2021-02-10 01:09:38,77.71,34.17,3.24,3.12
2021-02-10 01:13:38,77.52,34.04,2.43,2.31
2021-02-10 01:17:38,77.32,34.54,3.29,2.79
2021-02-10 01:21:38,77.51,34.25,3.21,2.77
2021-02-10 01:25:38,77.01,33.87,2.45,2.05
2021-02-10 01:29:38,77.37,34.34,2.94,2.51
2021-02-10 01:33:38,77.41,34.02,2.99,2.51
2021-02-10 01:37:38,77.22,34.54,2.69,2.27
2021-02-10 01:41:38,77.25,34.52,4.30,3.76
2021-02-10 01:45:38,77.50,33.80,2.80,2.54
2021-02-10 01:49:38,77.55,34.08,2.97,2.71
2021-02-10 01:53:38,77.56,34.53,4.23,4.72
2021-02-10 01:57:38,77.71,34.47,4.42,4.73
2021-02-10 02:01:38,77.50,34.05,3.29,3.09
2021-02-10 02:05:38,77.67,34.43,4.40,4.13
2021-02-10 02:09:38,77.56,34.53,5.34,5.82
2021-02-10 02:13:38,77.38,34.29,3.57,3.54
2021-02-10 02:17:38,77.40,33.99,3.61,3.26
2021-02-10 02:21:38,77.59,34.40,4.37,4.38
2021-02-10 02:25:38,77.44,34.17,3.69,3.34
2021-02-10 02:29:38,77.26,34.42,3.45,3.04
2021-02-10 02:33:38,77.41,34.31,3.70,2.91
2021-02-10 02:37:38,77.66,34.40,4.09,4.03
2021-02-10 02:41:38,77.63,34.42,3.99,4.16
2021-02-10 02:45:38,77.62,34.34,3.73,3.42
2021-02-10 02:49:38,77.65,34.29,3.80,3.38
2021-02-10 02:53:38,77.67,34.36,4.31,3.92
2021-02-10 02:57:38,77.63,34.53,5.66,5.44
2021-02-10 03:01:38,77.63,34.52,3.59,3.38
2021-02-10 03:05:38,77.68,34.31,4.16,4.08
2021-02-10 03:09:38,77.67,34.50,5.31,5.33
2021-02-10 03:13:38,77.45,34.58,5.37,5.09
2021-02-10 03:17:38,77.69,34.31,3.78,4.30
2021-02-10 03:21:38,77.65,34.32,4.30,4.26
2021-02-10 03:25:38,77.67,34.49,5.19,5.19
2021-02-10 03:29:38,77.60,34.44,4.89,4.70
2021-02-10 03:33:38,77.63,34.40,5.20,4.91
2021-02-10 03:37:38,77.58,34.27,4.40,3.96
2021-02-10 03:41:38,77.59,34.18,3.16,3.77
2021-02-10 03:45:38,77.68,34.42,5.19,5.59
2021-02-10 03:49:38,77.75,34.42,4.44,4.25
2021-02-10 03:53:38,77.65,34.38,3.64,3.92
2021-02-10 03:57:38,77.72,34.53,5.27,5.59
2021-02-10 04:01:38,77.74,34.41,4.04,4.70
2021-02-10 04:05:38,77.80,34.42,3.02,3.59
2021-02-10 04:09:38,77.73,34.10,4.19,4.53
2021-02-10 04:13:38,77.64,34.28,3.29,3.43
2021-02-10 04:17:38,77.59,34.50,4.26,5.32
2021-02-10 04:21:38,77.83,34.06,3.26,3.82
2021-02-10 04:25:38,77.83,34.10,2.97,3.13
2021-02-10 04:29:38,77.64,34.46,4.14,4.69
2021-02-10 04:33:38,77.81,34.11,2.38,2.34
2021-02-10 04:37:38,77.95,34.20,2.48,2.42
2021-02-10 04:41:38,77.86,34.39,3.44,4.23
2021-02-10 04:45:38,77.94,34.26,2.57,2.50
2021-02-10 04:49:38,78.00,34.27,2.58,2.60
2021-02-10 04:53:38,77.91,34.43,3.52,4.44
2021-02-10 04:57:38,77.79,34.46,3.78,4.51
2021-02-10 05:01:38,77.99,34.33,2.40,2.37
2021-02-10 05:05:38,77.99,34.33,2.45,2.40
2021-02-10 05:09:38,77.70,34.50,3.26,3.77
2021-02-10 05:13:38,77.62,34.56,3.33,3.55
2021-02-10 05:17:38,77.95,34.37,3.11,3.17
2021-02-10 05:21:38,77.84,34.34,2.55,2.63
2021-02-10 05:25:38,77.91,34.43,2.70,2.81
2021-02-10 05:29:38,77.88,34.43,3.14,3.16
2021-02-10 05:33:38,77.92,34.34,2.57,2.45
2021-02-10 05:37:38,77.98,34.37,2.58,2.37
2021-02-10 05:41:38,77.94,34.43,2.73,2.80
2021-02-10 05:45:38,77.94,34.35,2.40,2.47
2021-02-10 05:49:38,77.93,34.25,2.67,2.68
2021-02-10 05:53:38,77.90,34.23,2.48,2.50
2021-02-10 05:57:38,77.90,34.39,2.85,3.14
2021-02-10 06:01:38,77.95,34.37,2.70,2.69
2021-02-10 06:05:38,77.86,34.28,2.38,2.25
2021-02-10 06:09:38,77.79,34.22,2.28,2.19
2021-02-10 06:13:38,77.78,34.10,2.26,2.08
2021-02-10 06:17:38,77.26,33.38,2.53,2.00
2021-02-10 06:21:38,77.32,33.49,2.36,1.71
2021-02-10 06:25:38,77.14,33.33,2.23,1.70
2021-02-10 06:29:38,77.05,33.41,2.80,2.05
2021-02-10 06:33:38,77.07,33.29,2.70,2.06
2021-02-10 06:37:38,77.10,33.38,2.67,2.24
2021-02-10 06:41:38,76.99,33.23,2.74,1.98
2021-02-10 06:45:38,77.34,33.79,3.21,2.99
2021-02-10 06:49:38,77.12,33.00,2.72,1.94
2021-02-10 06:53:38,77.19,32.83,3.37,2.52
2021-02-10 06:57:38,77.26,33.18,2.90,2.54
2021-02-10 07:01:38,77.33,33.53,3.02,2.50
2021-02-10 07:05:38,77.72,32.28,3.02,2.45
2021-02-10 07:09:38,77.31,33.04,3.09,2.50
2021-02-10 07:13:38,77.42,33.10,3.07,2.49
2021-02-10 07:17:38,77.61,32.22,3.04,2.57
2021-02-10 07:21:38,77.16,32.00,3.09,2.44
2021-02-10 07:25:38,77.20,32.68,3.04,2.36
2021-02-10 07:29:38,77.92,32.83,3.35,2.76
2021-02-10 07:33:38,78.04,32.47,3.29,2.89
2021-02-10 07:37:38,77.59,33.15,3.29,2.43
2021-02-10 07:41:38,77.29,32.31,3.28,2.33
2021-02-10 07:45:38,78.11,32.59,3.66,2.61
2021-02-10 07:49:38,77.69,33.11,3.54,2.55
2021-02-10 07:53:38,77.48,33.06,3.66,2.44
2021-02-10 07:57:38,78.29,32.32,3.54,2.65
2021-02-10 08:01:38,78.02,32.76,3.88,2.81
2021-02-10 08:05:38,78.21,33.21,3.90,3.21
2021-02-10 08:09:38,78.01,33.30,3.97,3.32
2021-02-10 08:13:38,77.85,33.42,3.73,3.33
2021-02-10 08:17:38,78.06,33.30,4.11,4.04
2021-02-10 08:21:38,78.32,32.46,3.80,3.37
2021-02-10 08:25:38,78.32,32.65,3.95,3.43
2021-02-10 08:29:38,78.42,33.10,3.85,2.96
2021-02-10 08:33:38,78.13,31.83,3.59,2.77
2021-02-10 08:37:38,79.05,32.76,3.85,3.13
2021-02-10 08:41:38,78.84,32.75,3.59,3.24
2021-02-10 08:45:38,78.53,33.01,3.54,2.96
2021-02-10 08:49:38,78.65,33.46,3.80,4.22
2021-02-10 08:53:38,78.44,33.35,4.26,4.18
2021-02-10 08:57:38,78.19,33.27,4.37,3.73
2021-02-10 09:01:38,78.53,33.50,4.04,3.85
2021-02-10 09:05:38,78.33,33.57,4.63,4.04
2021-02-10 09:09:38,77.99,33.81,4.02,3.39
2021-02-10 09:13:38,78.41,33.19,3.97,3.47
2021-02-10 09:17:38,78.31,33.17,3.87,3.55
2021-02-10 09:21:38,78.01,32.81,3.82,2.64
2021-02-10 09:25:38,78.47,33.19,4.06,3.36
2021-02-10 09:29:38,78.34,33.46,4.32,3.57
2021-02-10 09:33:38,78.02,32.96,4.01,2.27
2021-02-10 09:37:38,77.72,33.59,3.99,3.02
2021-02-10 09:41:38,77.66,33.86,4.35,2.80
2021-02-10 09:45:38,77.36,33.39,3.61,1.96
2021-02-10 09:49:38,77.39,33.61,3.64,2.62
2021-02-10 09:53:38,77.89,33.37,3.61,2.26
2021-02-10 09:57:38,78.08,33.54,3.80,2.69
2021-02-10 10:01:38,78.59,33.64,4.23,3.67
2021-02-10 10:05:38,78.86,33.46,4.20,3.15
2021-02-10 10:09:38,78.62,33.73,4.89,3.67
2021-02-10 10:13:38,78.59,33.85,4.80,3.53
2021-02-10 10:17:38,78.01,34.14,4.89,3.87
2021-02-10 10:21:38,77.96,34.08,4.32,3.26
2021-02-10 10:25:38,78.01,34.01,4.30,2.93
2021-02-10 10:29:38,78.08,34.08,4.73,3.09
2021-02-10 10:33:38,77.84,33.36,3.37,1.69
2021-02-10 10:37:38,77.83,34.11,4.56,3.46
2021-02-10 10:41:38,77.66,33.22,3.16,1.92
2021-02-10 10:45:38,77.82,34.15,5.44,2.87
2021-02-10 10:49:38,77.75,34.14,4.58,3.15
2021-02-10 10:53:38,77.72,33.68,3.09,2.07
2021-02-10 10:57:38,77.80,33.91,3.50,2.20
2021-02-10 11:01:38,77.92,33.84,3.54,2.20
2021-02-10 11:05:38,77.87,34.11,4.28,2.63
2021-02-10 11:09:38,77.84,34.11,3.87,2.54
2021-02-10 11:13:38,77.85,33.97,4.04,2.50
2021-02-10 11:17:38,77.76,34.18,4.25,2.86
2021-02-10 11:21:38,77.83,34.03,3.47,2.30
2021-02-10 11:25:38,77.72,34.13,4.23,3.67
2021-02-10 11:29:38,77.64,34.23,4.42,3.96
2021-02-10 11:33:38,77.55,33.95,3.63,2.20
2021-02-10 11:37:38,77.35,34.35,3.57,2.57
2021-02-10 11:41:38,77.65,33.06,2.82,2.03
2021-02-10 11:45:38,77.82,33.53,3.28,2.61
2021-02-10 11:49:38,77.41,34.29,4.84,3.33
2021-02-10 11:53:38,77.52,33.41,3.17,2.22
2021-02-10 11:57:38,77.59,33.15,3.52,2.48
2021-02-10 12:01:38,77.34,34.32,5.29,3.11
2021-02-10 12:05:38,77.44,33.90,4.68,2.93
2021-02-10 12:09:38,77.48,33.79,4.82,2.66
2021-02-10 12:13:38,77.78,33.27,3.21,2.22
2021-02-10 12:17:38,77.41,34.19,5.32,2.50
2021-02-10 12:21:38,77.35,34.27,6.57,2.65
2021-02-10 12:25:38,77.22,32.32,5.53,1.81
2021-02-10 12:29:38,77.44,33.96,5.92,2.51
2021-02-10 12:33:38,77.24,32.17,7.45,1.89
2021-02-10 12:37:38,77.42,33.79,7.88,2.31
2021-02-10 12:41:38,77.39,33.19,9.82,2.11
2021-02-10 12:45:38,77.37,33.35,6.50,1.58
2021-02-10 12:49:38,77.51,34.19,8.24,2.72
2021-02-10 12:53:38,77.19,32.56,8.09,2.11
2021-02-10 12:57:38,77.36,34.01,7.86,1.92
2021-02-10 13:01:38,77.31,33.95,12.63,2.52
2021-02-10 13:05:38,77.27,33.62,10.98,2.50
2021-02-10 13:09:38,77.27,33.72,8.97,2.47
2021-02-10 13:13:38,77.29,33.51,7.71,1.92
2021-02-10 13:17:38,77.15,34.26,9.31,2.31
2021-02-10 13:21:38,77.38,33.25,8.99,2.24
2021-02-10 13:25:38,77.45,33.53,4.89,1.47
2021-02-10 13:29:38,77.26,34.05,7.95,2.20
2021-02-10 13:33:38,77.34,33.11,7.42,2.13
2021-02-10 13:37:38,77.35,33.84,8.07,2.56
2021-02-10 13:41:38,77.32,34.07,7.89,2.70
2021-02-10 13:45:38,77.42,33.83,6.91,2.78
2021-02-10 13:49:38,77.41,33.89,7.21,2.97
2021-02-10 13:53:38,77.43,33.68,6.89,2.80
2021-02-10 13:57:38,77.33,32.70,5.66,2.45
2021-02-10 14:01:38,77.33,33.83,6.26,2.71
2021-02-10 14:05:38,77.61,33.06,4.82,1.61
2021-02-10 14:09:38,77.36,32.78,5.66,2.33
2021-02-10 14:13:38,77.28,33.92,7.18,2.73
2021-02-10 14:17:38,77.49,32.96,5.90,2.03
2021-02-10 14:21:38,77.32,33.71,6.40,2.35
2021-02-10 14:25:38,77.30,34.24,6.98,3.09
2021-02-10 14:29:38,77.55,33.06,5.85,2.04
2021-02-10 14:33:38,77.39,34.15,5.68,2.63
2021-02-10 14:37:38,77.41,33.76,6.74,2.92
2021-02-10 14:41:38,77.32,33.41,7.08,2.86
2021-02-10 14:45:38,77.37,33.56,6.42,2.92
2021-02-10 14:49:38,77.37,33.55,6.64,2.57
2021-02-10 14:53:38,77.57,33.50,5.85,2.39
2021-02-10 14:57:38,77.85,33.43,4.52,3.04
2021-02-10 15:01:38,77.84,33.37,3.49,2.57
2021-02-10 15:05:38,77.48,33.92,4.26,3.31
2021-02-10 15:09:38,77.86,33.43,4.66,3.19
2021-02-10 15:13:38,77.99,33.47,3.95,2.72
2021-02-10 15:17:38,77.80,33.59,3.97,3.78
2021-02-10 15:21:38,77.59,33.82,3.76,3.60
2021-02-10 15:25:38,77.54,33.91,3.95,3.45
2021-02-10 15:29:38,77.68,33.68,4.47,3.20
2021-02-10 15:33:38,77.82,33.38,2.74,3.24
2021-02-10 15:37:38,77.61,33.84,3.33,2.56
2021-02-10 15:41:38,77.63,33.63,3.14,3.06
2021-02-10 15:45:38,77.57,33.84,3.71,2.67
2021-02-10 15:49:38,77.78,32.91,2.89,2.15
2021-02-10 15:53:38,77.74,33.75,4.25,4.04
2021-02-10 15:57:38,77.68,33.83,3.73,3.74
2021-02-10 16:01:38,77.83,33.06,3.24,2.79
2021-02-10 16:05:38,77.89,33.35,3.66,3.33
2021-02-10 16:09:38,77.89,33.68,4.84,4.42
2021-02-10 16:13:38,77.37,34.15,5.92,3.28
2021-02-10 16:17:38,77.61,32.65,4.02,2.92
2021-02-10 16:21:38,77.49,33.59,3.78,3.20
2021-02-10 16:25:38,77.58,34.15,5.34,3.44
2021-02-10 16:29:38,77.40,33.62,5.73,2.91
2021-02-10 16:33:38,77.32,33.43,5.03,2.71
2021-02-10 16:37:38,77.59,33.82,5.58,3.74
2021-02-10 16:41:38,77.42,32.92,4.32,2.66
2021-02-10 16:45:38,77.69,33.34,3.61,3.01
2021-02-10 16:49:38,77.58,33.97,5.11,3.19
2021-02-10 16:53:38,77.49,33.78,4.75,3.42
2021-02-10 16:57:38,77.78,33.53,4.31,3.43
2021-02-10 17:01:38,77.86,33.50,3.24,3.32
2021-02-10 17:05:38,77.66,33.77,3.29,3.46
2021-02-10 17:09:38,77.82,33.42,2.77,3.45
2021-02-10 17:13:38,77.55,33.89,3.35,3.33
2021-02-10 17:17:38,77.58,33.82,3.11,3.60
2021-02-10 17:21:38,77.66,32.53,2.80,2.30
2021-02-10 17:25:38,77.68,33.48,3.19,3.42
2021-02-10 17:29:38,77.58,33.82,3.32,3.34
2021-02-10 17:33:38,77.71,33.34,2.53,2.74
2021-02-10 17:37:38,77.64,31.84,3.31,1.59
2021-02-10 17:41:38,77.88,33.28,2.67,2.66
2021-02-10 17:45:38,77.89,33.57,3.01,2.75
2021-02-10 17:49:38,77.80,32.81,2.84,2.46
2021-02-10 17:53:38,77.70,33.20,2.97,2.19
2021-02-10 17:57:38,77.59,33.81,3.14,3.06
2021-02-10 18:01:38,77.68,32.75,3.06,2.45
2021-02-10 18:05:38,77.78,33.12,3.29,2.21
2021-02-10 18:09:38,77.72,33.36,3.38,2.61
2021-02-10 18:13:38,77.83,33.87,3.26,2.63
2021-02-10 18:17:38,77.79,33.58,3.52,2.70
2021-02-10 18:21:38,77.81,33.69,3.29,2.49
2021-02-10 18:25:38,77.84,33.93,3.42,2.56
2021-02-10 18:29:38,77.61,32.54,3.38,2.38
2021-02-10 18:33:38,77.58,33.75,3.36,2.52
2021-02-10 18:37:38,77.62,33.93,4.04,2.80
2021-02-10 18:41:38,77.91,31.24,3.33,2.02
2021-02-10 18:45:38,77.67,33.32,3.64,1.71
2021-02-10 18:49:38,77.64,34.02,4.04,3.03
2021-02-10 18:53:38,77.65,32.97,3.01,1.99
2021-02-10 18:57:38,77.61,33.92,3.12,2.26
2021-02-10 19:01:38,77.59,32.98,2.72,2.33
2021-02-10 19:05:38,77.63,33.68,3.04,2.16
2021-02-10 19:09:38,77.64,33.96,3.09,2.17
2021-02-10 19:13:38,77.59,33.29,3.14,1.92
2021-02-10 19:17:38,77.65,33.41,3.19,2.10
2021-02-10 19:21:38,77.65,33.68,3.31,1.81
2021-02-10 19:25:38,77.63,33.77,3.16,1.98
2021-02-10 19:29:38,77.90,32.78,2.94,2.01
2021-02-10 19:33:38,77.66,33.29,3.02,1.97
2021-02-10 19:37:38,77.59,34.11,3.19,1.95
2021-02-10 19:41:38,78.02,32.89,3.26,2.11
2021-02-10 19:45:38,77.67,33.97,3.17,2.17
2021-02-10 19:49:38,78.20,32.81,3.19,1.88
2021-02-10 19:53:38,77.80,33.49,2.97,1.64
2021-02-10 19:57:38,78.16,33.07,3.04,1.98
2021-02-10 20:01:38,78.29,32.93,2.95,1.64
2021-02-10 20:05:38,77.60,34.29,3.87,2.48
2021-02-10 20:09:38,78.06,33.09,2.97,1.77
2021-02-10 20:13:38,77.70,33.90,2.94,1.63
2021-02-10 20:17:38,78.10,33.28,3.11,1.79
2021-02-10 20:21:38,78.22,33.26,3.06,1.66
2021-02-10 20:25:38,77.64,34.08,3.02,2.04
2021-02-10 20:29:38,77.74,33.94,2.90,2.00
2021-02-10 20:33:38,78.62,32.91,3.45,1.97
2021-02-10 20:37:38,77.78,33.94,3.19,2.72
2021-02-10 20:41:38,78.04,33.65,3.33,2.43
2021-02-10 20:45:38,78.33,33.11,2.99,1.83
2021-02-10 20:49:38,77.93,33.80,3.37,2.16
2021-02-10 20:53:38,77.91,33.89,3.42,2.50
2021-02-10 20:57:38,78.42,33.48,2.92,1.54
2021-02-10 21:01:38,78.23,33.68,2.84,1.81
2021-02-10 21:05:38,77.92,33.92,3.52,2.49
2021-02-10 21:09:38,78.32,33.59,2.89,1.78
2021-02-10 21:13:38,77.69,34.18,3.95,2.62
2021-02-10 21:17:38,78.32,33.68,3.04,2.06
2021-02-10 21:21:38,78.06,33.71,3.31,1.84
2021-02-10 21:25:38,78.31,33.76,3.19,2.49
2021-02-10 21:29:38,77.96,33.63,3.21,2.08
2021-02-10 21:33:38,78.20,33.71,3.11,2.39
2021-02-10 21:37:38,78.20,33.74,3.16,2.09
2021-02-10 21:41:38,77.81,33.92,3.19,2.49
2021-02-10 21:45:38,78.18,33.73,2.94,2.03
2021-02-10 21:49:38,78.28,33.48,2.87,1.93
2021-02-10 21:53:38,78.21,33.89,3.29,2.69
2021-02-10 21:57:38,77.87,33.74,3.35,2.07
2021-02-10 22:01:38,77.32,34.23,3.39,2.38
2021-02-10 22:05:38,77.96,33.14,2.82,1.89
2021-02-10 22:09:38,77.48,34.10,3.57,2.58
2021-02-10 22:13:38,77.54,33.93,3.85,2.52
2021-02-10 22:17:38,77.48,33.79,3.31,2.23
2021-02-10 22:21:38,77.41,32.74,2.89,1.91
2021-02-10 22:25:38,77.49,33.84,3.54,2.42
2021-02-10 22:29:38,77.19,34.29,3.80,2.32
2021-02-10 22:33:38,77.59,33.35,3.02,1.91
2021-02-10 22:37:38,77.49,33.34,2.84,1.89
2021-02-10 22:41:38,77.36,34.00,3.75,2.39
2021-02-10 22:45:38,77.51,33.72,3.56,2.05
2021-02-10 22:49:38,77.46,33.15,2.94,1.89
2021-02-10 22:53:38,77.13,34.34,3.29,2.79
2021-02-10 22:57:38,77.38,33.63,3.04,1.89
2021-02-10 23:01:38,77.44,33.48,3.09,2.13
2021-02-10 23:05:38,77.15,34.25,3.93,3.03
2021-02-10 23:09:38,77.30,33.73,2.99,1.95
2021-02-10 23:13:38,77.35,33.46,2.89,1.89
2021-02-10 23:17:38,77.29,33.77,3.42,2.21
2021-02-10 23:21:38,77.23,33.99,3.95,2.43
2021-02-10 23:25:38,77.41,33.39,2.60,1.55
2021-02-10 23:29:38,77.39,33.25,2.50,1.64
2021-02-10 23:33:38,77.20,33.85,3.61,2.25
2021-02-10 23:37:38,77.26,33.67,3.00,1.88
2021-02-10 23:41:38,77.32,33.45,2.62,1.73
2021-02-10 23:45:38,77.23,33.70,3.64,2.38
2021-02-10 23:49:38,77.22,33.74,3.40,2.33
2021-02-10 23:53:38,77.25,33.83,3.35,2.24
2021-02-10 23:57:38,77.30,33.55,3.07,1.99
2021-02-11 00:01:38,77.21,33.82,3.59,2.46
2021-02-11 00:05:38,77.21,33.59,3.04,1.98
2021-02-11 00:09:38,77.28,33.61,3.24,2.65
2021-02-11 00:13:38,77.23,34.29,3.56,2.48
2021-02-11 00:17:38,77.23,33.58,2.92,1.88
2021-02-11 00:21:38,77.26,33.55,2.89,1.89
2021-02-11 00:25:38,77.35,33.95,3.04,2.03
2021-02-11 00:29:38,77.36,33.93,2.99,2.00
2021-02-11 00:33:38,77.26,33.68,2.79,1.95
2021-02-11 00:37:38,77.26,33.59,2.35,1.63
2021-02-11 00:41:38,77.27,33.73,2.72,1.97
2021-02-11 00:45:38,77.24,34.22,2.94,1.90
2021-02-11 00:49:38,77.30,33.70,2.70,1.82
2021-02-11 00:53:38,77.49,33.78,3.04,2.18
2021-02-11 00:57:38,77.35,33.67,2.80,1.81
2021-02-11 01:01:38,77.28,33.63,2.55,1.58
2021-02-11 01:05:38,77.33,33.98,2.97,2.09
2021-02-11 01:09:38,77.68,33.76,2.84,1.91
2021-02-11 01:13:38,77.38,34.24,3.09,2.28
2021-02-11 01:17:38,77.48,33.84,2.82,1.77
2021-02-11 01:21:38,77.58,33.70,2.72,1.79
2021-02-11 01:25:38,77.58,33.88,3.14,2.21
2021-02-11 01:29:38,77.42,34.10,2.77,1.84
2021-02-11 01:33:38,77.42,34.34,4.04,3.18
2021-02-11 01:37:38,77.47,33.56,2.72,1.72
2021-02-11 01:41:38,77.39,34.14,3.29,2.37
2021-02-11 01:45:38,77.42,34.13,3.21,2.13
2021-02-11 01:49:38,77.52,34.28,3.37,2.36
2021-02-11 01:53:38,77.40,34.00,3.09,2.09
2021-02-11 01:57:38,77.41,33.87,3.09,2.10
2021-02-11 02:01:38,77.22,34.27,3.24,2.31
2021-02-11 02:05:38,77.40,34.29,3.59,2.72
2021-02-11 02:09:38,77.29,34.02,3.42,2.47
2021-02-11 02:13:38,77.18,33.93,3.04,2.03
2021-02-11 02:17:38,77.36,34.10,3.35,2.31
2021-02-11 02:21:38,77.55,34.23,3.47,2.43
2021-02-11 02:25:38,77.58,34.26,3.06,2.21
2021-02-11 02:29:38,77.62,34.30,3.19,2.41
2021-02-11 02:33:38,77.35,34.00,3.37,2.15
2021-02-11 02:37:38,77.28,34.08,2.87,2.08
2021-02-11 02:41:38,77.38,34.35,4.91,4.41
2021-02-11 02:45:38,77.32,34.09,2.85,1.97
2021-02-11 02:49:38,77.42,33.86,2.52,1.69
2021-02-11 02:53:38,77.28,34.38,4.16,3.54
2021-02-11 02:57:38,77.12,34.44,3.23,2.31
2021-02-11 03:01:38,77.22,34.05,3.31,2.40
2021-02-11 03:05:38,77.43,34.05,3.12,2.37
2021-02-11 03:09:38,77.36,34.27,3.73,2.98
2021-02-11 03:13:38,76.95,34.47,2.58,1.65
2021-02-11 03:17:38,77.30,34.14,2.92,2.12
2021-02-11 03:21:38,77.24,33.94,3.28,2.15
2021-02-11 03:25:38,77.30,34.41,3.80,3.43
2021-02-11 03:29:38,77.40,34.24,3.70,2.92
2021-02-11 03:33:38,77.21,33.93,3.73,2.56
2021-02-11 03:37:38,77.28,34.11,2.78,1.90
2021-02-11 03:41:38,77.32,34.35,5.17,4.24
2021-02-11 03:45:38,77.26,34.16,4.04,2.84
2021-02-11 03:49:38,77.49,33.98,2.46,1.98
2021-02-11 03:53:38,77.38,33.93,3.02,2.20
2021-02-11 03:57:38,77.41,34.37,2.55,1.97
2021-02-11 04:01:38,77.46,34.41,3.92,3.09
2021-02-11 04:05:38,77.33,34.14,2.55,1.97
2021-02-11 04:09:38,77.46,34.26,2.85,2.17
2021-02-11 04:13:38,77.43,34.29,2.67,2.26
2021-02-11 04:17:38,77.68,34.35,3.64,2.80
2021-02-11 04:21:38,77.67,34.51,3.80,3.54
2021-02-11 04:25:38,77.72,34.29,2.50,2.08
2021-02-11 04:29:38,77.45,33.94,2.26,1.69
2021-02-11 04:33:38,77.61,34.28,4.23,3.36
2021-02-11 04:37:38,77.64,34.48,3.52,3.03
2021-02-11 04:41:38,77.53,34.07,2.40,1.71
2021-02-11 04:45:38,77.54,33.76,2.50,1.69
2021-02-11 04:49:38,77.58,34.43,3.66,3.71
2021-02-11 04:53:38,77.55,34.47,3.29,3.35
2021-02-11 04:57:38,77.40,34.15,3.54,2.98
2021-02-11 05:01:38,77.55,34.11,3.16,2.56
2021-02-11 05:05:38,77.70,34.33,3.37,2.64
2021-02-11 05:09:38,77.49,34.48,3.95,4.19
2021-02-11 05:13:38,77.51,34.36,2.94,2.39
2021-02-11 05:17:38,77.65,34.03,2.30,1.64
2021-02-11 05:21:38,77.71,34.21,2.47,1.79
2021-02-11 05:25:38,77.66,34.22,2.67,2.25
2021-02-11 05:29:38,77.74,34.14,2.38,1.54
2021-02-11 05:33:38,77.77,34.12,2.21,1.49
2021-02-11 05:37:38,77.71,34.25,2.40,1.79
2021-02-11 05:41:38,77.55,34.42,3.47,3.63
2021-02-11 05:45:38,77.72,34.26,2.28,1.68
2021-02-11 05:49:38,77.75,34.12,2.33,1.64
2021-02-11 05:53:38,77.61,34.38,2.48,1.73
2021-02-11 05:57:38,77.73,34.26,2.41,1.71
2021-02-11 06:01:38,77.75,34.24,2.40,1.58
2021-02-11 06:05:38,77.75,34.18,2.38,1.72
2021-02-11 06:09:38,77.13,32.88,2.42,1.38
2021-02-11 06:13:38,77.58,33.84,2.25,1.37
2021-02-11 06:17:38,77.61,33.83,2.43,1.11
2021-02-11 06:21:38,77.70,34.06,2.31,1.53
2021-02-11 06:25:38,77.63,33.92,2.28,1.54
2021-02-11 06:29:38,77.60,34.05,2.40,1.09
2021-02-11 06:33:38,77.62,33.96,2.50,1.05
2021-02-11 06:37:38,77.33,33.49,2.48,1.35
2021-02-11 06:41:38,77.51,33.94,2.50,1.29
2021-02-11 06:45:38,77.65,34.12,2.52,1.92
2021-02-11 06:49:38,77.16,33.06,2.50,1.61
2021-02-11 06:53:38,77.20,33.50,2.60,1.71
2021-02-11 06:57:38,77.26,33.69,2.65,1.89
2021-02-11 07:01:38,77.10,33.24,2.48,1.48
2021-02-11 07:05:38,77.21,32.08,2.65,1.55
2021-02-11 07:09:38,77.20,32.48,2.65,1.63
2021-02-11 07:13:38,77.45,30.79,2.57,1.47
2021-02-11 07:17:38,77.53,31.84,2.72,1.52
2021-02-11 07:21:38,77.23,32.92,2.77,1.78
2021-02-11 07:25:38,77.70,31.73,2.84,1.82
2021-02-11 07:29:38,77.60,32.47,2.77,1.94
2021-02-11 07:33:38,77.10,33.41,2.91,1.87
2021-02-11 07:37:38,76.97,32.25,2.84,1.98
2021-02-11 07:41:38,77.38,32.94,3.04,1.95
2021-02-11 07:45:38,77.22,32.66,4.21,1.68
2021-02-11 07:49:38,77.66,32.24,3.80,1.79
2021-02-11 07:53:38,77.52,33.06,3.07,2.15
2021-02-11 07:57:38,77.33,33.12,2.92,1.89
2021-02-11 08:01:38,77.38,32.59,3.12,2.05
2021-02-11 08:05:38,77.62,32.91,3.14,2.22
2021-02-11 08:09:38,77.58,32.98,3.19,2.11
2021-02-11 08:13:38,77.78,32.56,3.31,2.38
2021-02-11 08:17:38,77.60,32.70,3.42,2.16
2021-02-11 08:21:38,77.71,32.66,3.12,2.27
2021-02-11 08:25:38,77.55,33.02,3.47,2.25
2021-02-11 08:29:38,77.30,33.40,3.44,2.26
2021-02-11 08:33:38,77.44,33.11,3.57,3.08
2021-02-11 08:37:38,77.71,32.87,3.61,2.66
2021-02-11 08:41:38,77.17,32.26,3.71,2.20
2021-02-11 08:45:38,77.25,32.89,4.14,2.25
2021-02-11 08:49:38,76.90,33.08,4.71,2.24
2021-02-11 08:53:38,77.14,33.42,6.54,1.90
2021-02-11 08:57:38,77.17,32.99,4.73,2.57
2021-02-11 09:01:38,77.40,33.27,4.47,1.83
2021-02-11 09:05:38,77.53,33.31,4.16,2.75
2021-02-11 09:09:38,77.63,33.33,4.30,2.67
2021-02-11 09:13:38,77.49,32.32,4.18,2.20
2021-02-11 09:17:38,77.31,32.95,3.85,2.54
2021-02-11 09:21:38,77.20,33.38,3.94,2.62
2021-02-11 09:25:38,77.42,33.12,4.16,3.04
2021-02-11 09:29:38,77.48,33.15,3.83,1.75
2021-02-11 09:33:38,77.45,33.72,4.11,3.25
2021-02-11 09:37:38,77.59,33.09,3.95,2.45
2021-02-11 09:41:38,77.54,33.56,4.66,3.75
2021-02-11 09:45:38,77.40,33.71,4.11,2.43
2021-02-11 09:49:38,77.32,32.85,3.59,1.31
2021-02-11 09:53:38,77.37,33.48,3.99,1.76
2021-02-11 09:57:38,77.28,32.89,3.54,1.38
2021-02-11 10:01:38,77.44,32.44,3.99,2.65
2021-02-11 10:05:38,77.65,32.90,4.02,3.43
2021-02-11 10:09:38,77.62,33.30,5.66,2.57
2021-02-11 10:13:38,77.51,33.43,4.42,3.09
2021-02-11 10:17:38,77.57,33.45,4.54,4.18
2021-02-11 10:21:38,77.88,33.48,4.75,2.74
2021-02-11 10:25:38,77.78,33.62,4.80,2.79
2021-02-11 10:29:38,77.60,33.80,4.70,3.04
2021-02-11 10:33:38,77.55,33.82,4.21,1.99
2021-02-11 10:37:38,77.66,32.78,4.58,2.43
2021-02-11 10:41:38,77.59,32.83,4.94,1.84
2021-02-11 10:45:38,77.58,33.59,4.54,2.27
2021-02-11 10:49:38,77.62,33.57,4.83,2.43
2021-02-11 10:53:38,77.42,33.83,5.75,2.90
2021-02-11 10:57:38,77.62,33.71,4.80,2.10
2021-02-11 11:01:38,77.63,33.77,5.17,2.98
2021-02-11 11:05:38,77.40,33.95,4.21,2.67
2021-02-11 11:09:38,77.40,34.08,5.15,3.89
2021-02-11 11:13:38,77.46,33.72,4.77,3.03
2021-02-11 11:17:38,77.43,33.94,3.63,1.73
2021-02-11 11:21:38,77.43,33.91,4.18,2.66
2021-02-11 11:25:38,77.47,33.77,4.06,2.73
2021-02-11 11:29:38,77.46,32.90,3.64,2.58
2021-02-11 11:33:38,77.39,33.44,3.33,2.48
2021-02-11 11:37:38,77.37,33.54,3.61,3.17
2021-02-11 11:41:38,77.33,33.56,3.87,4.13
2021-02-11 11:45:38,77.33,33.44,3.40,2.57
2021-02-11 11:49:38,77.13,33.11,3.33,2.32
2021-02-11 11:53:38,77.38,33.59,3.63,3.44
2021-02-11 11:57:38,77.32,33.51,3.35,2.37
2021-02-11 12:01:38,77.41,33.84,3.40,2.65
2021-02-11 12:05:38,77.20,33.34,3.04,2.20
2021-02-11 12:09:38,77.02,33.13,3.19,1.98
2021-02-11 12:13:38,77.29,33.67,3.47,2.35
2021-02-11 12:17:38,77.33,33.44,3.14,1.76
2021-02-11 12:21:38,77.32,33.63,3.04,2.34
2021-02-11 12:25:38,77.29,33.47,3.16,1.85
2021-02-11 12:29:38,77.17,32.87,3.04,2.19
2021-02-11 12:33:38,77.38,33.74,3.35,2.08
2021-02-11 12:37:38,77.42,33.57,3.21,1.75
2021-02-11 12:41:38,77.11,31.92,3.09,1.41
2021-02-11 12:45:38,77.14,32.34,2.89,1.54
2021-02-11 12:49:38,77.36,33.23,3.29,1.92
2021-02-11 12:53:38,77.39,33.53,3.49,2.47
2021-02-11 12:57:38,77.37,33.27,3.63,1.98
2021-02-11 13:01:38,77.44,33.29,3.31,1.99
2021-02-11 13:05:38,77.39,33.26,3.61,1.82
2021-02-11 13:09:38,77.40,33.32,3.45,1.60
2021-02-11 13:13:38,77.41,33.13,3.45,1.53
2021-02-11 13:17:38,77.43,33.36,3.49,1.92
2021-02-11 13:21:38,77.42,33.19,3.71,2.13
2021-02-11 13:25:38,77.47,33.23,3.87,1.64
2021-02-11 13:29:38,77.45,33.12,3.35,1.45
2021-02-11 13:33:38,77.46,33.04,3.61,1.71
2021-02-11 13:37:38,77.49,33.38,4.37,2.33
2021-02-11 13:41:38,77.48,33.23,4.28,2.25
2021-02-11 13:45:38,77.42,33.44,4.18,2.28
2021-02-11 13:49:38,77.46,33.57,4.21,2.63
2021-02-11 13:53:38,77.47,33.27,3.83,2.72
2021-02-11 13:57:38,77.47,33.25,3.47,1.98
2021-02-11 14:01:38,77.48,33.71,4.06,2.47
2021-02-11 14:05:38,77.52,33.34,4.09,2.67
2021-02-11 14:09:38,77.56,33.24,3.52,2.08
2021-02-11 14:13:38,77.48,33.77,4.11,2.36
2021-02-11 14:17:38,77.60,33.12,3.63,2.44
2021-02-11 14:21:38,77.59,33.14,3.45,2.31
2021-02-11 14:25:38,77.51,33.50,3.83,2.98
2021-02-11 14:29:38,77.61,33.08,3.26,2.47
2021-02-11 14:33:38,77.75,32.99,2.77,2.27
2021-02-11 14:37:38,77.71,33.54,2.67,2.69
2021-02-11 14:41:38,77.85,33.07,2.55,3.01
2021-02-11 14:45:38,77.83,32.82,3.37,3.50
2021-02-11 14:49:38,77.81,32.96,2.43,3.12
2021-02-11 14:53:38,77.62,33.68,2.57,3.90
2021-02-11 14:57:38,77.87,33.27,2.74,4.03
2021-02-11 15:01:38,77.84,33.15,3.16,3.19
2021-02-11 15:05:38,77.88,33.33,2.79,3.77
2021-02-11 15:09:38,77.87,33.12,2.77,3.82
2021-02-11 15:13:38,77.74,33.68,3.52,4.55
2021-02-11 15:17:38,77.83,33.35,2.72,3.42
2021-02-11 15:21:38,77.84,33.33,2.51,3.01
2021-02-11 15:25:38,77.91,33.58,2.72,3.89
2021-02-11 15:29:38,77.85,33.27,2.67,3.79
2021-02-11 15:33:38,77.86,32.97,2.50,2.94
2021-02-11 15:37:38,77.85,33.12,2.65,3.33
2021-02-11 15:41:38,77.87,33.41,2.77,3.69
2021-02-11 15:45:38,77.86,33.39,2.70,3.50
2021-02-11 15:49:38,77.87,33.37,2.65,3.29
2021-02-11 15:53:38,77.86,33.33,2.84,2.79
2021-02-11 15:57:38,77.97,33.49,2.72,3.33
2021-02-11 16:01:38,77.93,33.19,2.94,3.42
2021-02-11 16:05:38,77.93,33.04,2.26,2.24
2021-02-11 16:09:38,77.96,33.46,2.82,3.47
2021-02-11 16:13:38,77.96,33.56,3.29,3.74
2021-02-11 16:17:38,77.92,33.39,3.14,3.24
2021-02-11 16:21:38,77.93,33.31,2.57,2.69
2021-02-11 16:25:38,77.93,33.59,3.19,4.06
2021-02-11 16:29:38,77.91,33.45,2.87,3.20
2021-02-11 16:33:38,77.91,33.44,2.57,2.72
2021-02-11 16:37:38,77.90,33.77,3.09,3.29
2021-02-11 16:41:38,77.90,33.23,2.26,2.38
2021-02-11 16:45:38,77.82,33.53,2.89,2.96
2021-02-11 16:49:38,77.86,33.74,3.49,3.03
2021-02-11 16:53:38,77.92,32.80,2.43,2.45
2021-02-11 16:57:38,77.84,33.48,2.52,2.37
2021-02-11 17:01:38,77.85,33.73,2.73,3.08
2021-02-11 17:05:38,77.87,33.40,2.52,2.52
2021-02-11 17:09:38,77.91,33.63,2.74,2.76
2021-02-11 17:13:38,77.91,33.67,2.72,2.66
2021-02-11 17:17:38,77.92,33.04,2.60,2.48
2021-02-11 17:21:38,77.96,33.26,2.35,2.91
2021-02-11 17:25:38,78.07,33.50,2.16,3.41
2021-02-11 17:29:38,77.95,33.46,2.33,3.00
2021-02-11 17:33:38,78.03,32.47,3.02,2.51
2021-02-11 17:37:38,77.92,33.25,3.06,2.76
2021-02-11 17:41:38,77.94,33.26,3.01,2.37
2021-02-11 17:45:38,77.89,33.40,3.40,3.01
2021-02-11 17:49:38,77.97,33.01,3.17,1.59
2021-02-11 17:53:38,78.06,32.43,2.62,2.38
2021-02-11 17:57:38,78.03,32.87,3.02,1.88
2021-02-11 18:01:38,78.01,33.27,3.01,2.26
2021-02-11 18:05:38,77.84,33.82,2.74,3.01
2021-02-11 18:09:38,78.01,32.92,2.74,2.13
2021-02-11 18:13:38,77.98,32.74,2.82,2.73
2021-02-11 18:17:38,77.89,33.35,2.67,2.45
2021-02-11 18:21:38,77.95,33.23,3.09,1.73
2021-02-11 18:25:38,77.97,33.18,3.01,1.87
2021-02-11 18:29:38,77.72,33.56,3.52,2.75
2021-02-11 18:33:38,77.96,33.24,2.35,2.91
2021-02-11 18:37:38,77.98,33.06,2.87,1.54
2021-02-11 18:41:38,77.94,33.53,2.65,3.21
2021-02-11 18:45:38,78.00,33.37,2.16,2.60
2021-02-11 18:49:38,77.99,33.46,2.18,2.91
2021-02-11 18:53:38,77.98,33.35,2.28,2.85
2021-02-11 18:57:38,78.02,33.18,2.16,2.59
2021-02-11 19:01:38,77.94,32.93,1.94,2.84
2021-02-11 19:05:38,77.98,33.05,2.21,2.99
2021-02-11 19:09:38,78.01,34.01,2.57,2.90
2021-02-11 19:13:38,77.92,33.12,2.26,2.28
2021-02-11 19:17:38,77.90,32.88,2.28,2.10
2021-02-11 19:21:38,77.91,33.37,2.43,2.50
2021-02-11 19:25:38,77.85,32.47,2.50,2.03
2021-02-11 19:29:38,77.88,33.28,2.82,2.43
2021-02-11 19:33:38,77.87,33.34,2.72,2.47
2021-02-11 19:37:38,77.84,32.52,2.70,2.33
2021-02-11 19:41:38,77.84,32.74,2.75,2.13
2021-02-11 19:45:38,77.85,33.49,2.45,2.56
2021-02-11 19:49:38,77.83,32.61,2.48,2.19
2021-02-11 19:53:38,78.01,32.55,2.84,2.04
2021-02-11 19:57:38,78.09,32.66,2.87,1.85
2021-02-11 20:01:38,78.20,32.81,2.94,2.38
2021-02-11 20:05:38,78.17,32.93,2.89,2.11
2021-02-11 20:09:38,78.11,32.99,2.87,2.09
2021-02-11 20:13:38,78.05,33.14,2.87,2.33
2021-02-11 20:17:38,78.29,32.83,2.59,2.09
2021-02-11 20:21:38,78.28,32.94,2.48,1.94
2021-02-11 20:25:38,78.04,33.74,2.82,2.09
2021-02-11 20:29:38,78.33,32.80,2.87,2.19
2021-02-11 20:33:38,78.34,32.89,2.84,2.30
2021-02-11 20:37:38,78.45,32.81,2.89,2.55
2021-02-11 20:41:38,78.32,33.07,3.06,2.77
2021-02-11 20:45:38,78.48,32.83,3.19,2.87
2021-02-11 20:49:38,78.47,32.91,2.99,2.27
2021-02-11 20:53:38,78.29,33.24,2.84,2.56
2021-02-11 20:57:38,78.26,33.32,3.04,2.88
2021-02-11 21:01:38,78.23,33.37,2.91,2.43
2021-02-11 21:05:38,78.20,33.48,2.97,2.97
2021-02-11 21:09:38,78.36,33.11,3.19,2.57
2021-02-11 21:13:38,78.18,33.50,3.01,2.87
2021-02-11 21:17:38,78.27,33.40,3.09,3.02
2021-02-11 21:21:38,78.32,33.27,3.33,2.84
2021-02-11 21:25:38,78.10,33.63,3.32,3.57
2021-02-11 21:29:38,78.19,33.59,3.51,3.53
2021-02-11 21:33:38,78.25,33.28,2.74,2.20
2021-02-11 21:37:38,78.01,33.74,3.44,3.44
2021-02-11 21:41:38,78.12,33.37,3.11,3.06
2021-02-11 21:45:38,78.08,33.64,3.14,3.17
2021-02-11 21:49:38,77.98,33.56,3.19,3.06
2021-02-11 21:53:38,78.03,33.66,2.85,2.57
2021-02-11 21:57:38,77.89,33.87,3.12,3.20
2021-02-11 22:01:38,77.95,33.77,2.97,2.56
2021-02-11 22:05:38,77.92,33.84,2.60,2.20
2021-02-11 22:09:38,77.97,33.71,2.01,1.69
2021-02-11 22:13:38,77.85,33.88,2.99,2.94
2021-02-11 22:17:38,77.89,33.84,2.82,2.37
2021-02-11 22:21:38,77.97,33.64,2.48,2.15
2021-02-11 22:25:38,77.84,33.86,2.82,2.47
2021-02-11 22:29:38,77.85,33.93,2.94,2.64
2021-02-11 22:33:38,77.88,33.80,2.50,2.13
2021-02-11 22:37:38,77.93,33.43,2.13,1.77
2021-02-11 22:41:38,77.84,33.89,3.14,3.07
2021-02-11 22:45:38,77.86,33.40,2.43,2.04
2021-02-11 22:49:38,77.53,34.21,2.60,2.21
2021-02-11 22:53:38,77.79,33.58,2.65,2.40
2021-02-11 22:57:38,77.83,33.49,1.79,1.59
2021-02-11 23:01:38,77.67,33.90,2.16,2.06
2021-02-11 23:05:38,77.80,33.49,1.94,1.64
2021-02-11 23:09:38,77.83,33.49,1.99,1.54
2021-02-11 23:13:38,77.68,33.82,2.89,2.56
2021-02-11 23:17:38,77.84,33.47,1.99,1.63
2021-02-11 23:21:38,77.65,33.88,2.26,2.05
2021-02-11 23:25:38,77.84,33.45,1.91,1.58
2021-02-11 23:29:38,77.69,33.88,2.48,2.38
2021-02-11 23:33:38,77.76,33.68,2.65,2.16
2021-02-11 23:37:38,77.75,33.55,2.33,1.92
2021-02-11 23:41:38,77.78,33.65,2.70,2.25
2021-02-11 23:45:38,77.77,33.46,2.35,1.83
2021-02-11 23:49:38,77.61,33.92,2.79,2.62
2021-02-11 23:53:38,77.62,33.85,2.82,2.33
2021-02-11 23:57:38,77.77,33.53,2.35,1.83
2021-02-12 00:01:38,77.92,33.77,2.35,2.09
2021-02-12 00:05:38,77.92,33.86,2.38,1.99
2021-02-12 00:09:38,77.52,34.20,2.97,2.67
2021-02-12 00:13:38,77.90,33.81,2.28,1.88
2021-02-12 00:17:38,77.89,33.83,2.33,1.90
2021-02-12 00:21:38,77.35,34.33,2.74,2.57
2021-02-12 00:25:38,77.78,33.91,2.40,2.08
2021-02-12 00:29:38,77.73,33.78,2.33,1.87
2021-02-12 00:33:38,77.70,33.84,2.43,2.09
2021-02-12 00:37:38,77.77,33.80,2.67,2.20
2021-02-12 00:41:38,77.69,33.75,2.31,2.05
2021-02-12 00:45:38,77.67,33.72,2.60,2.08
2021-02-12 00:49:38,77.67,33.78,2.38,1.98
2021-02-12 00:53:38,77.66,33.81,2.60,2.10
2021-02-12 00:57:38,77.61,33.92,2.48,1.89
2021-02-12 01:01:38,77.45,34.09,2.60,2.14
2021-02-12 01:05:38,77.69,33.68,2.23,1.87
2021-02-12 01:09:38,77.60,33.89,2.38,1.92
2021-02-12 01:13:38,77.25,34.45,2.62,2.06
2021-02-12 01:17:38,77.63,33.44,2.40,1.84
2021-02-12 01:21:38,77.61,33.70,2.21,1.65
2021-02-12 01:25:38,77.22,34.47,3.16,2.57
2021-02-12 01:29:38,77.55,33.65,2.33,1.72
2021-02-12 01:33:38,77.56,33.76,2.45,1.92
2021-02-12 01:37:38,77.53,34.04,2.85,2.32
2021-02-12 01:41:38,77.55,33.85,2.84,2.19
2021-02-12 01:45:38,77.50,33.95,2.82,2.37
2021-02-12 01:49:38,77.63,33.78,2.65,2.11
2021-02-12 01:53:38,77.62,33.98,2.75,2.13
2021-02-12 01:57:38,77.32,34.40,3.42,3.09
2021-02-12 02:01:38,77.60,33.56,2.28,1.79
2021-02-12 02:05:38,77.60,33.59,2.62,1.79
2021-02-12 02:09:38,77.36,34.39,4.49,4.08
2021-02-12 02:13:38,77.55,34.02,3.04,2.44
2021-02-12 02:17:38,77.60,33.80,2.75,2.22
2021-02-12 02:21:38,77.42,34.29,3.29,3.02
2021-02-12 02:25:38,77.59,34.09,2.62,2.25
2021-02-12 02:29:38,77.51,34.11,2.52,2.08
2021-02-12 02:33:38,77.50,34.05,2.87,2.05
2021-02-12 02:37:38,77.54,33.98,2.84,2.21
2021-02-12 02:41:38,77.20,34.46,3.24,2.44
2021-02-12 02:45:38,77.53,33.83,2.87,1.99
2021-02-12 02:49:38,77.48,34.22,3.24,2.39
2021-02-12 02:53:38,77.45,34.26,2.85,2.31
2021-02-12 02:57:38,77.50,34.05,2.55,1.94
2021-02-12 03:01:38,77.61,33.96,2.77,2.06
2021-02-12 03:05:38,77.80,34.05,2.33,1.87
2021-02-12 03:09:38,77.45,34.36,3.02,2.40
2021-02-12 03:13:38,77.48,34.32,2.57,2.13
2021-02-12 03:17:38,77.54,34.06,2.45,1.90
2021-02-12 03:21:38,77.51,34.07,2.91,2.27
2021-02-12 03:25:38,77.43,34.31,3.61,2.79
2021-02-12 03:29:38,77.46,34.26,2.50,1.93
2021-02-12 03:33:38,77.49,34.14,2.87,2.27
2021-02-12 03:37:38,77.53,34.36,4.13,3.59
2021-02-12 03:41:38,77.52,34.17,3.49,2.93
2021-02-12 03:45:38,77.62,33.86,2.60,2.11
2021-02-12 03:49:38,77.28,34.46,3.21,2.83
2021-02-12 03:53:38,77.45,34.23,3.47,2.82
2021-02-12 03:57:38,77.42,33.92,3.21,2.27
2021-02-12 04:01:38,77.39,34.27,3.95,3.12
2021-02-12 04:05:38,77.21,34.50,3.80,3.14
2021-02-12 04:09:38,77.39,33.82,2.97,2.28
2021-02-12 04:13:38,77.34,34.16,3.21,2.37
2021-02-12 04:17:38,77.24,34.51,3.59,3.18
2021-02-12 04:21:38,77.34,34.33,4.06,2.96
2021-02-12 04:25:38,77.22,34.39,3.37,2.72
2021-02-12 04:29:38,77.52,34.21,2.23,2.08
2021-02-12 04:33:38,77.44,34.27,4.25,3.10
2021-02-12 04:37:38,77.36,34.49,4.14,4.35
2021-02-12 04:41:38,77.37,34.36,3.52,2.67
2021-02-12 04:45:38,77.65,34.25,3.47,2.56
2021-02-12 04:49:38,77.44,34.45,3.26,3.19
2021-02-12 04:53:38,77.44,34.47,3.85,3.65
2021-02-12 04:57:38,77.62,34.44,3.83,3.49
2021-02-12 05:01:38,77.38,34.32,3.71,2.92
2021-02-12 05:05:38,77.34,34.36,2.97,2.17
2021-02-12 05:09:38,77.30,34.46,5.06,3.87
2021-02-12 05:13:38,77.35,34.24,3.05,2.50
2021-02-12 05:17:38,77.37,34.30,2.74,2.24
2021-02-12 05:21:38,77.56,34.26,3.09,2.63
2021-02-12 05:25:38,77.38,34.43,4.18,4.08
2021-02-12 05:29:38,77.40,34.42,3.42,2.85
2021-02-12 05:33:38,77.55,33.81,2.18,1.79
2021-02-12 05:37:38,77.43,34.38,2.74,2.60
2021-02-12 05:41:38,77.30,34.47,4.96,3.93
2021-02-12 05:45:38,77.31,34.36,5.00,3.23
2021-02-12 05:49:38,77.32,33.79,2.79,2.33
2021-02-12 05:53:38,77.38,34.29,3.57,3.13
2021-02-12 05:57:38,77.39,34.35,2.45,2.32
2021-02-12 06:01:38,77.43,34.02,2.45,2.09
2021-02-12 06:05:38,77.76,33.99,2.36,1.79
2021-02-12 06:09:38,77.74,34.02,2.30,1.91
2021-02-12 06:13:38,77.62,34.07,2.47,1.99
2021-02-12 06:17:38,77.68,34.23,3.04,2.39
2021-02-12 06:21:38,77.76,34.11,2.21,1.89
2021-02-12 06:25:38,77.79,34.09,2.31,1.88
2021-02-12 06:29:38,77.71,34.36,2.65,2.23
2021-02-12 06:33:38,77.81,34.13,2.14,1.73
2021-02-12 06:37:38,77.77,34.14,2.41,1.99
2021-02-12 06:41:38,77.77,34.17,2.45,1.87
2021-02-12 06:45:38,77.62,34.10,2.89,2.58
2021-02-12 06:49:38,77.70,34.08,2.82,2.51
2021-02-12 06:53:38,77.51,33.56,2.36,1.92
2021-02-12 06:57:38,77.59,33.77,2.33,2.02
2021-02-12 07:01:38,77.60,33.91,2.70,2.35
2021-02-12 07:05:38,77.47,33.77,2.65,2.30
2021-02-12 07:09:38,77.56,33.79,2.60,2.35
2021-02-12 07:13:38,77.59,33.73,2.21,2.21
2021-02-12 07:17:38,77.59,33.79,2.47,1.72
2021-02-12 07:21:38,77.33,33.46,4.21,1.78
2021-02-12 07:25:38,76.92,32.61,2.67,1.81
2021-02-12 07:29:38,77.20,33.74,2.92,1.69
2021-02-12 07:33:38,77.32,33.92,4.80,2.25
2021-02-12 07:37:38,77.36,33.92,2.72,1.72
2021-02-12 07:41:38,77.28,33.65,2.67,1.83
2021-02-12 07:45:38,77.41,33.82,3.02,2.17
2021-02-12 07:49:38,77.23,32.90,2.70,2.08
2021-02-12 07:53:38,77.21,32.45,2.70,2.57
2021-02-12 07:57:38,77.21,33.02,2.79,2.85
2021-02-12 08:01:38,77.18,32.96,2.65,3.02
2021-02-12 08:05:38,77.25,32.92,2.60,2.88
2021-02-12 08:09:38,77.31,32.93,2.82,3.31
2021-02-12 08:13:38,77.38,32.59,2.70,2.83
2021-02-12 08:17:38,77.22,33.35,2.99,2.89
2021-02-12 08:21:38,77.08,32.55,2.94,2.64
2021-02-12 08:25:38,77.43,32.48,3.07,3.66
2021-02-12 08:29:38,77.19,33.48,3.17,2.85
2021-02-12 08:33:38,77.21,33.10,3.19,2.69
2021-02-12 08:37:38,77.36,32.60,3.26,2.80
2021-02-12 08:41:38,77.32,33.17,3.52,4.08
2021-02-12 08:45:38,77.22,33.43,3.14,3.78
2021-02-12 08:49:38,77.20,32.98,3.33,2.92
2021-02-12 08:53:38,77.32,32.71,3.19,2.97
2021-02-12 08:57:38,77.06,33.33,3.52,3.34
2021-02-12 09:01:38,77.49,32.76,3.29,3.38
2021-02-12 09:05:38,77.45,33.09,3.29,3.13
2021-02-12 09:09:38,77.59,32.88,3.57,3.12
2021-02-12 09:13:38,77.56,33.04,3.45,2.99
2021-02-12 09:17:38,77.57,32.93,3.81,2.72
2021-02-12 09:21:38,77.47,32.46,3.83,2.04
2021-02-12 09:25:38,77.41,33.26,3.76,2.38
2021-02-12 09:29:38,77.46,32.97,3.95,2.39
2021-02-12 09:33:38,77.66,33.06,4.04,2.69
2021-02-12 09:37:38,77.66,33.24,4.42,3.02
2021-02-12 09:41:38,77.62,32.46,3.97,2.46
2021-02-12 09:45:38,77.62,32.44,4.25,2.58
2021-02-12 09:49:38,77.53,33.14,4.52,4.15
2021-02-12 09:53:38,77.65,32.97,4.47,2.95
2021-02-12 09:57:38,77.62,32.67,4.30,2.74
2021-02-12 10:01:38,77.83,32.08,5.32,4.08
2021-02-12 10:05:38,78.03,31.95,5.90,3.43
2021-02-12 10:09:38,77.69,32.88,5.32,4.99
2021-02-12 10:13:38,77.39,32.91,4.68,2.77
2021-02-12 10:17:38,77.37,33.30,5.42,3.46
2021-02-12 10:21:38,77.31,32.52,4.89,2.98
2021-02-12 10:25:38,77.19,31.72,3.85,1.58
2021-02-12 10:29:38,77.69,33.35,4.62,3.14
2021-02-12 10:33:38,77.37,32.46,4.09,2.08
2021-02-12 10:37:38,77.44,33.26,4.09,2.67
2021-02-12 10:41:38,77.55,32.71,5.10,3.68
2021-02-12 10:45:38,77.46,33.07,4.87,4.23
2021-02-12 10:49:38,77.47,33.55,4.98,5.49
2021-02-12 10:53:38,77.46,33.29,4.88,4.46
2021-02-12 10:57:38,77.45,32.70,4.52,2.37
2021-02-12 11:01:38,77.45,33.22,5.00,5.31
2021-02-12 11:05:38,77.24,33.71,5.97,3.63
2021-02-12 11:09:38,77.33,33.04,4.96,3.12
2021-02-12 11:13:38,77.30,33.34,5.34,3.12
2021-02-12 11:17:38,77.28,33.34,4.63,3.37
2021-02-12 11:21:38,77.25,33.38,5.00,3.44
2021-02-12 11:25:38,77.36,33.02,4.89,3.23
2021-02-12 11:29:38,77.43,33.08,4.93,2.00
2021-02-12 11:33:38,77.22,33.65,4.93,2.80
2021-02-12 11:37:38,77.38,33.26,4.88,2.43
2021-02-12 11:41:38,77.32,33.33,4.84,2.73
2021-02-12 11:45:38,77.52,33.01,4.69,2.90
2021-02-12 11:49:38,77.55,32.98,4.37,1.87
2021-02-12 11:53:38,77.39,33.44,4.78,2.25
2021-02-12 11:57:38,77.58,33.15,4.54,2.57
2021-02-12 12:01:38,77.54,33.20,4.19,1.87
2021-02-12 12:05:38,77.47,33.26,4.72,2.37
2021-02-12 12:09:38,77.54,33.18,4.01,2.04
2021-02-12 12:13:38,77.60,33.41,4.40,2.88
2021-02-12 12:17:38,77.59,33.00,3.37,1.25
2021-02-12 12:21:38,77.47,33.42,4.73,3.25
2021-02-12 12:25:38,77.68,33.03,4.33,2.32
2021-02-12 12:29:38,77.51,33.36,3.80,2.21
2021-02-12 12:33:38,77.44,33.55,4.35,2.99
2021-02-12 12:37:38,77.54,33.42,4.45,2.50
2021-02-12 12:41:38,77.74,33.15,3.42,1.72
2021-02-12 12:45:38,77.80,33.06,3.80,1.81
2021-02-12 12:49:38,77.60,33.34,3.61,2.56
2021-02-12 12:53:38,77.84,33.08,3.45,1.71
2021-02-12 12:57:38,77.62,33.35,4.37,2.66
2021-02-12 13:01:38,77.62,33.25,4.21,3.50
2021-02-12 13:05:38,77.99,33.03,4.21,2.05
2021-02-12 13:09:38,77.97,33.36,3.95,2.43
2021-02-12 13:13:38,78.01,33.37,3.61,2.28
2021-02-12 13:17:38,77.99,33.27,5.05,2.15
2021-02-12 13:21:38,78.07,33.31,4.02,2.73
2021-02-12 13:25:38,77.99,33.37,4.49,3.50
2021-02-12 13:29:38,77.99,33.43,4.14,3.26
2021-02-12 13:33:38,77.96,33.03,4.16,2.52
2021-02-12 13:37:38,77.96,33.41,3.66,3.24
2021-02-12 13:41:38,77.88,33.37,3.85,3.16
2021-02-12 13:45:38,77.92,33.29,3.38,2.84
2021-02-12 13:49:38,77.86,33.16,3.59,2.40
2021-02-12 13:53:38,78.00,32.74,3.54,2.23
2021-02-12 13:57:38,78.04,32.59,3.49,1.94
2021-02-12 14:01:38,77.89,33.16,3.78,3.25
2021-02-12 14:05:38,77.77,33.40,4.07,3.23
2021-02-12 14:09:38,77.71,33.62,5.68,2.81
2021-02-12 14:13:38,77.74,33.55,4.88,3.10
2021-02-12 14:17:38,77.82,33.34,4.56,3.25
2021-02-12 14:21:38,77.67,33.75,13.56,2.32
2021-02-12 14:25:38,77.63,33.79,16.79,2.44
2021-02-12 14:29:38,77.73,33.64,11.29,2.15
2021-02-12 14:33:38,77.72,33.71,10.91,2.16
2021-02-12 14:37:38,77.56,34.06,8.77,2.27
2021-02-12 14:41:38,77.67,33.94,10.23,2.38
2021-02-12 14:45:38,77.70,33.92,10.47,2.40
2021-02-12 14:49:38,77.89,33.36,6.21,2.05
2021-02-12 14:53:38,78.02,33.05,6.14,2.11
2021-02-12 14:57:38,77.93,33.54,7.08,2.32
2021-02-12 15:01:38,78.21,32.98,6.47,1.78
2021-02-12 15:05:38,78.09,33.32,6.64,2.08
2021-02-12 15:09:38,78.09,33.30,6.14,1.90
2021-02-12 15:13:38,78.16,33.25,6.19,1.81
2021-02-12 15:17:38,78.19,33.45,5.41,1.93
2021-02-12 15:21:38,78.16,33.48,5.87,2.04
2021-02-12 15:25:38,78.32,33.01,4.80,1.86
2021-02-12 15:29:38,78.11,33.75,4.82,1.83
2021-02-12 15:33:38,78.39,33.27,4.80,1.98
2021-02-12 15:37:38,78.60,32.65,3.59,1.55
2021-02-12 15:41:38,78.30,33.22,3.85,1.59
2021-02-12 15:45:38,78.30,33.40,4.57,1.69
2021-02-12 15:49:38,78.38,33.40,3.92,1.72
2021-02-12 15:53:38,78.39,33.41,4.16,1.69
2021-02-12 15:57:38,78.52,32.84,3.99,2.26
2021-02-12 16:01:38,78.50,33.13,3.87,1.88
2021-02-12 16:05:38,78.36,33.28,4.21,2.05
2021-02-12 16:09:38,78.32,33.26,4.68,3.25
2021-02-12 16:13:38,78.36,33.16,3.95,2.60
2021-02-12 16:17:38,78.36,33.24,4.26,2.42
2021-02-12 16:21:38,78.57,33.12,3.95,1.77
2021-02-12 16:25:38,78.69,32.18,3.17,1.68
2021-02-12 16:29:38,78.35,33.19,3.59,2.42
2021-02-12 16:33:38,78.43,33.07,3.78,2.49
2021-02-12 16:37:38,78.57,32.77,3.35,2.04
2021-02-12 16:41:38,78.33,33.15,3.52,4.83
2021-02-12 16:45:38,78.34,33.11,3.38,2.56
2021-02-12 16:49:38,78.60,32.74,3.54,1.57
2021-02-12 16:53:38,78.43,33.02,3.45,2.30
2021-02-12 16:57:38,78.37,33.18,3.28,1.84
2021-02-12 17:01:38,78.64,32.71,3.40,2.47
2021-02-12 17:05:38,78.46,33.19,3.44,2.57
2021-02-12 17:09:38,78.18,33.63,3.88,4.01
2021-02-12 17:13:38,78.54,32.82,3.09,1.37
2021-02-12 17:17:38,78.33,33.30,3.23,2.21
2021-02-12 17:21:38,78.44,33.06,3.11,3.33
2021-02-12 17:25:38,78.53,32.88,3.42,2.62
2021-02-12 17:29:38,78.25,33.58,3.42,3.54
2021-02-12 17:33:38,78.45,33.12,3.02,1.76
2021-02-12 17:37:38,78.40,33.20,3.21,2.39
2021-02-12 17:41:38,78.33,33.39,3.23,3.67
2021-02-12 17:45:38,78.28,33.60,2.94,2.38
2021-02-12 17:49:38,78.33,33.44,2.80,1.47
2021-02-12 17:53:38,78.32,33.50,2.94,3.56
2021-02-12 17:57:38,78.38,33.22,3.04,2.57
2021-02-12 18:01:38,78.53,32.26,2.72,1.71
2021-02-12 18:05:38,77.99,33.70,3.16,2.82
2021-02-12 18:09:38,78.19,33.38,3.52,2.91
2021-02-12 18:13:38,78.48,32.01,2.62,1.48
2021-02-12 18:17:38,78.16,33.15,4.75,2.61
2021-02-12 18:21:38,78.01,33.51,4.44,2.44
2021-02-12 18:25:38,78.00,33.47,3.80,2.19
2021-02-12 18:29:38,78.29,32.78,2.69,1.66
2021-02-12 18:33:38,78.26,33.05,2.94,1.54
2021-02-12 18:37:38,78.93,31.24,3.40,1.69
2021-02-12 18:41:38,78.06,33.54,3.11,1.55
2021-02-12 18:45:38,78.69,32.01,2.92,1.71
2021-02-12 18:49:38,78.33,33.13,3.38,2.13
2021-02-12 18:53:38,78.22,33.26,3.01,2.52
2021-02-12 18:57:38,78.44,32.70,2.91,1.89
2021-02-12 19:01:38,78.22,33.24,2.89,2.31
2021-02-12 19:05:38,78.35,32.97,2.94,2.29
2021-02-12 19:09:38,78.40,32.74,3.11,1.64
2021-02-12 19:13:38,78.45,32.53,2.84,1.60
2021-02-12 19:17:38,78.38,32.85,3.06,1.89
2021-02-12 19:21:38,78.46,32.57,2.97,1.98
2021-02-12 19:25:38,78.69,32.37,3.54,2.22
2021-02-12 19:29:38,78.30,33.06,2.87,2.64
2021-02-12 19:33:38,78.52,32.68,3.28,2.48
2021-02-12 19:37:38,78.57,32.58,3.26,2.08
2021-02-12 19:41:38,78.28,33.17,2.67,2.42
2021-02-12 19:45:38,78.33,32.96,2.67,2.21
2021-02-12 19:49:38,78.38,32.50,3.02,1.37
2021-02-12 19:53:38,78.22,33.31,2.67,2.26
2021-02-12 19:57:38,78.21,33.02,2.65,2.93
2021-02-12 20:01:38,78.25,32.67,2.87,1.85
2021-02-12 20:05:38,78.19,33.37,2.26,2.33
2021-02-12 20:09:38,78.24,32.69,2.65,2.07
2021-02-12 20:13:38,78.19,33.46,2.43,2.51
2021-02-12 20:17:38,78.24,32.92,2.45,2.26
2021-02-12 20:21:38,78.23,32.73,2.65,2.08
2021-02-12 20:25:38,78.19,33.41,2.70,2.54
2021-02-12 20:29:38,78.28,32.90,2.62,2.15
2021-02-12 20:33:38,78.33,32.63,3.04,1.83
2021-02-12 20:37:38,78.32,32.93,2.55,1.95
2021-02-12 20:41:38,78.34,32.65,4.54,1.57
2021-02-12 20:45:38,78.30,32.84,2.70,1.89
2021-02-12 20:49:38,78.26,32.97,2.57,1.70
2021-02-12 20:53:38,78.26,32.93,2.72,1.73
2021-02-12 20:57:38,78.15,33.31,2.94,1.79
2021-02-12 21:01:38,78.11,33.30,4.76,2.53
2021-02-12 21:05:38,78.10,33.36,3.14,2.15
2021-02-12 21:09:38,78.11,33.22,3.78,2.35
2021-02-12 21:13:38,78.09,33.19,3.21,2.21
2021-02-12 21:17:38,78.20,32.76,2.55,1.68
2021-02-12 21:21:38,78.18,32.84,2.40,1.89
2021-02-12 21:25:38,78.20,32.89,2.30,1.87
2021-02-12 21:29:38,77.97,33.57,3.02,2.11
2021-02-12 21:33:38,78.31,32.43,2.60,1.68
2021-02-12 21:37:38,78.26,32.72,2.40,1.81
2021-02-12 21:41:38,78.06,33.31,2.92,2.36
2021-02-12 21:45:38,78.02,33.29,2.55,1.86
2021-02-12 21:49:38,78.15,32.76,2.55,1.73
2021-02-12 21:53:38,78.17,32.78,2.26,1.83
2021-02-12 21:57:38,78.12,32.89,2.26,2.02
2021-02-12 22:01:38,77.99,33.39,2.45,2.15
2021-02-12 22:05:38,78.12,32.72,2.70,2.14
2021-02-12 22:09:38,77.99,33.37,2.52,2.12
2021-02-12 22:13:38,78.03,32.89,2.43,2.09
2021-02-12 22:17:38,78.01,33.17,2.33,1.86
2021-02-12 22:21:38,77.97,33.34,2.65,2.21
2021-02-12 22:25:38,78.03,32.64,2.67,2.03
2021-02-12 22:29:38,78.03,32.81,2.21,2.04
2021-02-12 22:33:38,78.02,32.93,2.26,2.09
2021-02-12 22:37:38,78.03,32.90,2.30,2.00
2021-02-12 22:41:38,78.04,33.12,2.28,2.15
2021-02-12 22:45:38,78.01,32.76,2.53,2.16
2021-02-12 22:49:38,78.01,33.04,2.28,2.05
2021-02-12 22:53:38,77.98,33.36,2.55,2.23
2021-02-12 22:57:38,78.01,32.86,2.28,1.91
2021-02-12 23:01:38,77.98,33.21,2.28,1.89
2021-02-12 23:05:38,77.98,33.27,3.06,2.21
2021-02-12 23:09:38,77.98,33.09,2.50,1.88
2021-02-12 23:13:38,77.95,33.28,2.43,2.11
2021-02-12 23:17:38,77.97,33.20,2.53,2.06
2021-02-12 23:21:38,77.97,33.04,2.65,2.00
2021-02-12 23:25:38,77.96,32.95,2.77,2.04
2021-02-12 23:29:38,77.96,33.06,2.62,2.00
2021-02-12 23:33:38,77.84,33.61,3.40,2.15
2021-02-12 23:37:38,77.93,33.15,2.52,2.10
2021-02-12 23:41:38,77.89,33.40,2.82,2.06
2021-02-12 23:45:38,77.92,33.32,2.94,2.30
2021-02-12 23:49:38,77.85,33.15,2.65,2.16
2021-02-12 23:53:38,77.85,33.57,2.99,2.41
2021-02-12 23:57:38,77.88,33.41,2.48,2.13
2021-02-13 00:01:38,77.87,33.33,2.50,2.08
2021-02-13 00:05:38,77.90,33.32,2.60,2.03
2021-02-13 00:09:38,77.91,33.39,3.07,2.05
2021-02-13 00:13:38,77.90,33.39,2.82,2.05
2021-02-13 00:17:38,77.85,33.55,2.60,1.92
2021-02-13 00:21:38,77.87,33.29,2.72,2.15
2021-02-13 00:25:38,77.88,33.35,2.87,2.04
2021-02-13 00:29:38,77.77,33.88,3.61,2.58
2021-02-13 00:33:38,77.89,33.35,2.46,1.89
2021-02-13 00:37:38,77.85,33.24,2.13,1.78
2021-02-13 00:41:38,77.71,33.92,3.17,2.52
2021-02-13 00:45:38,77.88,33.45,2.99,2.13
2021-02-13 00:49:38,77.85,33.37,2.99,1.88
2021-02-13 00:53:38,77.81,33.70,2.94,2.37
2021-02-13 00:57:38,77.84,33.21,2.60,1.88
2021-02-13 01:01:38,77.88,33.47,2.77,2.03
2021-02-13 01:05:38,77.74,33.69,2.99,1.94
2021-02-13 01:09:38,77.84,33.57,3.12,2.15
2021-02-13 01:13:38,77.88,33.31,3.00,1.89
2021-02-13 01:17:38,77.84,33.59,3.26,2.25
2021-02-13 01:21:38,77.74,33.85,3.24,2.26
2021-02-13 01:25:38,77.85,33.40,2.92,1.84
2021-02-13 01:29:38,77.83,33.65,3.21,2.14
2021-02-13 01:33:38,77.85,33.38,3.16,1.97
2021-02-13 01:37:38,77.80,33.65,3.06,1.90
2021-02-13 01:41:38,77.84,33.81,3.54,2.71
2021-02-13 01:45:38,77.88,33.61,3.11,2.12
2021-02-13 01:49:38,77.88,33.51,3.11,1.91
2021-02-13 01:53:38,77.86,33.58,3.11,2.04
2021-02-13 01:57:38,77.88,33.81,2.99,2.40
2021-02-13 02:01:38,77.64,34.21,4.28,3.17
2021-02-13 02:05:38,77.85,33.28,2.89,1.76
2021-02-13 02:09:38,77.78,33.85,3.06,2.31
2021-02-13 02:13:38,77.76,34.03,4.04,3.37
2021-02-13 02:17:38,77.78,33.65,2.89,1.71
2021-02-13 02:21:38,77.71,33.79,2.97,1.93
2021-02-13 02:25:38,77.78,33.61,3.33,2.27
2021-02-13 02:29:38,77.75,33.33,2.90,1.93
2021-02-13 02:33:38,77.75,33.58,3.31,1.99
2021-02-13 02:37:38,77.76,33.89,3.52,2.60
2021-02-13 02:41:38,77.79,33.54,2.87,2.03
2021-02-13 02:45:38,77.83,33.41,2.94,1.97
2021-02-13 02:49:38,77.70,34.04,3.18,2.19
2021-02-13 02:53:38,77.71,33.94,3.68,2.44
2021-02-13 02:57:38,77.69,33.55,3.54,2.41
2021-02-13 03:01:38,77.74,33.50,2.87,1.99
2021-02-13 03:05:38,77.70,33.93,4.09,2.72
2021-02-13 03:09:38,77.55,34.11,3.14,2.17
2021-02-13 03:13:38,77.71,33.48,2.84,1.82
2021-02-13 03:17:38,77.69,33.60,3.33,2.31
2021-02-13 03:21:38,77.63,34.16,4.04,2.84
2021-02-13 03:25:38,77.66,33.60,2.99,1.79
2021-02-13 03:29:38,77.65,33.51,2.97,2.20
2021-02-13 03:33:38,77.67,33.93,3.31,2.31
2021-02-13 03:37:38,77.63,34.24,3.47,2.41
2021-02-13 03:41:38,77.71,33.76,3.04,2.08
2021-02-13 03:45:38,77.72,33.56,3.19,2.23
2021-02-13 03:49:38,77.70,33.94,3.21,2.19
2021-02-13 03:53:38,77.72,34.09,4.09,3.37
2021-02-13 03:57:38,77.70,33.67,3.21,2.37
2021-02-13 04:01:38,77.72,33.68,3.09,2.28
2021-02-13 04:05:38,77.73,33.93,3.47,2.74
2021-02-13 04:09:38,77.73,33.95,3.26,2.58
2021-02-13 04:13:38,77.67,33.61,2.99,2.26
2021-02-13 04:17:38,77.59,34.08,3.42,2.45
2021-02-13 04:21:38,77.62,33.75,3.68,2.76
2021-02-13 04:25:38,77.62,33.97,3.52,2.72
2021-02-13 04:29:38,77.57,33.56,3.21,2.35
2021-02-13 04:33:38,77.65,33.85,2.77,2.31
2021-02-13 04:37:38,77.78,34.17,4.49,3.87
2021-02-13 04:41:38,77.66,33.97,3.16,2.44
2021-02-13 04:45:38,77.61,33.65,3.37,2.42
2021-02-13 04:49:38,77.63,33.76,2.53,2.13
2021-02-13 04:53:38,77.86,34.30,3.71,3.81
2021-02-13 04:57:38,77.80,34.13,4.30,3.23
2021-02-13 05:01:38,77.61,33.66,3.52,2.62
2021-02-13 05:05:38,77.68,33.81,3.35,2.76
2021-02-13 05:09:38,77.76,34.04,3.61,2.74
2021-02-13 05:13:38,77.59,33.71,3.76,2.85
2021-02-13 05:17:38,77.67,34.23,4.06,3.46
2021-02-13 05:21:38,77.68,33.63,3.12,2.43
2021-02-13 05:25:38,77.66,33.77,3.42,2.52
2021-02-13 05:29:38,77.60,34.14,3.92,2.91
2021-02-13 05:33:38,77.55,34.17,5.08,3.53
2021-02-13 05:37:38,77.77,33.85,2.87,2.47
2021-02-13 05:41:38,77.69,33.93,3.04,2.36
2021-02-13 05:45:38,77.60,34.20,3.76,3.06
2021-02-13 05:49:38,77.69,34.13,4.16,3.15
2021-02-13 05:53:38,77.80,33.89,2.69,2.33
2021-02-13 05:57:38,77.76,33.83,2.84,2.42
2021-02-13 06:01:38,77.65,34.12,2.97,2.35
2021-02-13 06:05:38,77.67,34.29,3.49,2.69
2021-02-13 06:09:38,77.73,33.96,3.07,2.33
2021-02-13 06:13:38,77.82,33.91,2.69,2.33
2021-02-13 06:17:38,77.80,33.83,3.35,2.27
2021-02-13 06:21:38,77.67,34.29,4.16,2.90
2021-02-13 06:25:38,77.60,34.20,3.90,2.81
2021-02-13 06:29:38,77.78,33.90,2.65,2.22
2021-02-13 06:33:38,77.76,33.71,2.74,2.14
2021-02-13 06:37:38,77.77,34.01,2.82,2.35
2021-02-13 06:41:38,77.78,33.98,2.87,2.41
2021-02-13 06:45:38,77.77,33.96,2.89,2.54
2021-02-13 06:49:38,77.71,33.82,2.67,2.29
2021-02-13 06:53:38,77.73,34.22,4.16,3.93
2021-02-13 06:57:38,77.74,33.88,2.91,2.80
2021-02-13 07:01:38,77.74,34.05,2.89,2.87
2021-02-13 07:05:38,77.64,34.13,3.35,3.27
2021-02-13 07:09:38,77.74,33.93,2.80,2.40
2021-02-13 07:13:38,77.71,34.04,2.67,2.44
2021-02-13 07:17:38,77.72,34.17,3.07,2.73
2021-02-13 07:21:38,77.70,33.73,2.53,2.46
2021-02-13 07:25:38,77.68,33.94,2.99,2.81
2021-02-13 07:29:38,77.75,33.96,2.72,2.57
2021-02-13 07:33:38,77.62,33.61,2.67,2.44
2021-02-13 07:37:38,77.48,33.20,2.43,2.36
2021-02-13 07:41:38,77.50,33.11,2.53,2.57
2021-02-13 07:45:38,77.53,33.27,2.52,2.32
2021-02-13 07:49:38,77.44,32.71,7.08,2.43
2021-02-13 07:53:38,77.59,33.20,3.88,3.38
2021-02-13 07:57:38,77.63,33.34,3.39,3.20
2021-02-13 08:01:38,77.66,33.31,3.54,3.12
2021-02-13 08:05:38,77.59,33.03,3.24,3.28
2021-02-13 08:09:38,77.62,33.37,2.97,3.81
2021-02-13 08:13:38,77.62,33.07,3.19,3.32
2021-02-13 08:17:38,77.71,33.09,3.63,3.62
2021-02-13 08:21:38,77.63,33.17,3.04,4.59
2021-02-13 08:25:38,77.71,33.00,2.92,3.82
2021-02-13 08:29:38,77.80,32.90,3.35,5.26
2021-02-13 08:33:38,77.69,33.09,3.24,5.41
2021-02-13 08:37:38,77.64,33.07,3.37,5.62
2021-02-13 08:41:38,77.59,33.17,3.47,3.33
2021-02-13 08:45:38,77.57,32.74,3.42,4.15
2021-02-13 08:49:38,77.59,32.81,3.21,2.80
2021-02-13 08:53:38,77.59,33.56,3.68,3.98
2021-02-13 08:57:38,77.62,33.36,3.52,2.99
2021-02-13 09:01:38,77.61,32.29,3.94,3.10
2021-02-13 09:05:38,77.67,32.99,4.21,5.14
2021-02-13 09:09:38,77.83,32.85,3.78,4.71
2021-02-13 09:13:38,77.84,33.28,3.78,5.35
2021-02-13 09:17:38,77.90,33.18,3.66,6.54
2021-02-13 09:21:38,77.77,33.44,3.52,3.43
2021-02-13 09:25:38,77.58,33.75,4.47,3.18
2021-02-13 09:29:38,77.52,33.42,4.66,5.11
2021-02-13 09:33:38,77.66,32.02,3.87,2.79
2021-02-13 09:37:38,77.66,33.30,3.97,6.19
2021-02-13 09:41:38,77.65,32.45,5.34,6.52
2021-02-13 09:45:38,77.61,31.87,6.62,4.76
2021-02-13 09:49:38,77.58,33.44,4.40,7.09
2021-02-13 09:53:38,77.89,32.65,4.30,5.54
2021-02-13 09:57:38,77.66,32.12,3.83,2.98
2021-02-13 10:01:38,77.60,30.00,3.71,3.32
2021-02-13 10:05:38,77.94,32.54,5.00,8.83
2021-02-13 10:09:38,77.77,32.04,3.83,6.02
2021-02-13 10:13:38,77.87,33.26,4.44,8.60
2021-02-13 10:17:38,77.82,32.33,3.92,4.46
2021-02-13 10:21:38,77.82,33.38,4.49,6.80
2021-02-13 10:25:38,77.78,32.45,3.59,2.63
2021-02-13 10:29:38,77.68,32.74,6.64,4.70
2021-02-13 10:33:38,78.07,32.67,4.59,4.60
2021-02-13 10:37:38,77.78,33.51,5.63,8.78
2021-02-13 10:41:38,77.90,33.23,5.15,9.99
2021-02-13 10:45:38,77.82,33.31,5.00,8.53
2021-02-13 10:49:38,77.84,33.26,5.24,7.91
2021-02-13 10:53:38,78.05,32.67,4.71,6.55
2021-02-13 10:57:38,77.88,33.57,6.40,10.12
2021-02-13 11:01:38,77.74,32.75,4.88,3.77
2021-02-13 11:05:38,77.77,33.30,5.29,4.03
2021-02-13 11:09:38,77.63,32.89,5.32,7.45
2021-02-13 11:13:38,77.75,33.02,5.39,7.69
2021-02-13 11:17:38,77.67,33.64,5.37,8.64
2021-02-13 11:21:38,77.87,33.64,5.90,13.63
2021-02-13 11:25:38,78.06,32.84,4.75,4.80
2021-02-13 11:29:38,77.75,33.58,4.80,5.67
2021-02-13 11:33:38,77.73,33.67,6.31,11.14
2021-02-13 11:37:38,77.95,32.97,4.61,4.19
2021-02-13 11:41:38,77.73,33.64,6.81,7.66
2021-02-13 11:45:38,77.99,33.31,5.85,8.67
2021-02-13 11:49:38,77.95,33.31,3.57,2.76
2021-02-13 11:53:38,77.89,33.45,4.44,5.09
2021-02-13 11:57:38,77.90,33.29,3.78,4.26
2021-02-13 12:01:38,77.85,33.46,4.64,5.53
2021-02-13 12:05:38,77.74,33.74,4.04,5.11
2021-02-13 12:09:38,77.97,33.22,4.14,5.29
2021-02-13 12:13:38,77.81,32.99,3.69,4.91
2021-02-13 12:17:38,77.84,33.43,4.49,5.32
2021-02-13 12:21:38,77.81,33.06,3.26,4.06
2021-02-13 12:25:38,77.82,33.30,3.95,4.84
2021-02-13 12:29:38,77.76,33.35,5.29,7.46
2021-02-13 12:33:38,77.68,33.70,5.22,7.61
2021-02-13 12:37:38,77.80,33.10,4.70,6.29
2021-02-13 12:41:38,77.81,33.03,4.04,4.50
2021-02-13 12:45:38,77.58,32.40,3.57,4.71
2021-02-13 12:49:38,77.60,33.64,3.87,5.19
2021-02-13 12:53:38,77.71,33.09,3.78,4.99
2021-02-13 12:57:38,77.77,32.96,4.23,6.59
2021-02-13 13:01:38,77.75,33.13,4.49,6.75
2021-02-13 13:05:38,77.61,33.80,4.75,7.94
2021-02-13 13:09:38,77.69,33.60,5.68,7.20
2021-02-13 13:13:38,77.88,32.54,4.25,5.56
2021-02-13 13:17:38,77.79,33.21,5.48,8.20
2021-02-13 13:21:38,77.63,33.91,5.27,7.76
2021-02-13 13:25:38,77.92,32.74,5.60,5.96
2021-02-13 13:29:38,77.59,33.56,8.36,4.58
2021-02-13 13:33:38,77.48,33.92,12.28,3.23
2021-02-13 13:37:38,77.58,33.48,8.22,3.24
2021-02-13 13:41:38,77.51,33.81,9.29,2.42
2021-02-13 13:45:38,77.68,33.24,6.55,3.08
2021-02-13 13:49:38,77.65,33.42,6.74,3.25
2021-02-13 13:53:38,77.70,33.38,6.79,3.08
2021-02-13 13:57:38,77.56,33.74,4.61,4.09
2021-02-13 14:01:38,77.42,34.16,7.77,3.29
2021-02-13 14:05:38,77.79,33.12,4.63,5.49
2021-02-13 14:09:38,77.70,33.32,4.59,4.63
2021-02-13 14:13:38,77.66,33.41,5.05,4.33
2021-02-13 14:17:38,77.78,33.11,5.97,3.92
2021-02-13 14:21:38,77.73,33.31,5.68,4.09
2021-02-13 14:25:38,77.89,32.96,6.19,4.13
2021-02-13 14:29:38,78.06,32.45,4.49,4.54
2021-02-13 14:33:38,77.85,33.08,5.56,4.49
2021-02-13 14:37:38,77.87,33.15,4.59,5.01
2021-02-13 14:41:38,77.69,33.84,6.37,6.13
2021-02-13 14:45:38,77.70,33.76,5.92,5.48
2021-02-13 14:49:38,77.82,33.34,4.47,4.76
2021-02-13 14:53:38,77.84,33.12,4.96,5.04
2021-02-13 14:57:38,77.82,33.35,5.39,5.20
2021-02-13 15:01:38,77.88,33.19,5.17,5.13
2021-02-13 15:05:38,77.85,33.36,5.34,4.98
2021-02-13 15:09:38,77.83,33.40,5.13,6.11
2021-02-13 15:13:38,77.85,33.37,4.09,6.08
2021-02-13 15:17:38,77.88,33.33,5.51,5.98
2021-02-13 15:21:38,77.84,33.42,4.13,6.43
2021-02-13 15:25:38,77.89,33.02,4.04,6.41
2021-02-13 15:29:38,77.91,32.60,3.04,4.79
2021-02-13 15:33:38,77.85,33.46,4.21,6.35
2021-02-13 15:37:38,77.93,32.31,3.40,6.03
2021-02-13 15:41:38,77.81,33.54,4.14,6.95
2021-02-13 15:45:38,77.91,33.39,4.18,6.65
2021-02-13 15:49:38,78.17,32.62,4.14,7.20
2021-02-13 15:53:38,77.61,34.01,4.80,5.81
2021-02-13 15:57:38,77.93,33.31,4.86,6.23
2021-02-13 16:01:38,77.89,33.45,4.16,7.06
2021-02-13 16:05:38,77.80,33.62,4.59,5.70
2021-02-13 16:09:38,77.92,33.25,4.54,5.89
2021-02-13 16:13:38,77.99,33.22,4.59,6.82
2021-02-13 16:17:38,77.93,33.61,3.73,8.40
2021-02-13 16:21:38,78.07,33.08,4.40,7.74
2021-02-13 16:25:38,78.03,33.13,4.00,6.94
2021-02-13 16:29:38,78.07,33.51,4.28,8.00
2021-02-13 16:33:38,77.96,33.44,4.66,6.80
2021-02-13 16:37:38,78.01,33.61,3.83,6.53
2021-02-13 16:41:38,78.04,33.42,2.97,5.92
2021-02-13 16:45:38,78.12,33.34,3.32,6.94
2021-02-13 16:49:38,78.05,33.23,3.33,6.90
2021-02-13 16:53:38,78.07,32.89,3.78,7.95
2021-02-13 16:57:38,77.97,33.05,3.71,6.60
2021-02-13 17:01:38,77.50,34.03,9.26,3.76
2021-02-13 17:05:38,77.61,33.80,4.39,6.71
2021-02-13 17:09:38,77.83,33.29,5.56,5.62
2021-02-13 17:13:38,77.93,33.13,4.02,6.45
2021-02-13 17:17:38,77.73,33.44,4.35,7.09
2021-02-13 17:21:38,77.93,33.12,3.45,5.59
2021-02-13 17:25:38,77.86,33.23,3.71,5.88
2021-02-13 17:29:38,77.88,33.39,3.70,5.41
2021-02-13 17:33:38,77.90,33.25,4.06,4.50
2021-02-13 17:37:38,77.85,33.35,4.12,4.88
2021-02-13 17:41:38,77.82,32.75,3.01,5.48
2021-02-13 17:45:38,77.81,33.45,3.46,5.14
2021-02-13 17:49:38,77.80,33.37,3.40,5.02
2021-02-13 17:53:38,77.72,33.59,4.11,6.79
2021-02-13 17:57:38,77.84,33.59,3.83,4.43
2021-02-13 18:01:38,78.11,32.57,3.78,6.07
2021-02-13 18:05:38,77.83,33.62,3.61,4.50
2021-02-13 18:09:38,77.82,33.55,4.02,4.13
2021-02-13 18:13:38,77.84,33.42,4.04,4.21
2021-02-13 18:17:38,77.51,33.96,4.75,4.32
2021-02-13 18:21:38,77.66,33.66,4.18,4.19
2021-02-13 18:25:38,77.75,33.54,3.87,3.96
2021-02-13 18:29:38,77.89,33.21,2.74,4.75
2021-02-13 18:33:38,77.92,33.39,3.35,4.55
2021-02-13 18:37:38,77.79,33.57,2.89,4.91
2021-02-13 18:41:38,77.75,33.59,2.87,4.86
2021-02-13 18:45:38,77.89,32.98,3.29,5.17
2021-02-13 18:49:38,77.88,33.67,3.35,4.75
2021-02-13 18:53:38,77.86,33.78,3.59,4.56
2021-02-13 18:57:38,77.93,32.61,3.11,3.89
2021-02-13 19:01:38,77.95,33.23,2.70,4.01
2021-02-13 19:05:38,77.80,33.80,3.26,4.88
2021-02-13 19:09:38,77.79,33.65,3.28,4.09
2021-02-13 19:13:38,77.91,33.01,2.75,4.43
2021-02-13 19:17:38,77.90,32.98,2.96,4.03
2021-02-13 19:21:38,77.73,33.83,3.11,4.03
2021-02-13 19:25:38,77.75,32.65,3.14,3.65
2021-02-13 19:29:38,78.62,29.05,3.52,5.25
2021-02-13 19:33:38,77.86,33.23,2.94,3.62
2021-02-13 19:37:38,77.90,33.41,2.99,3.29
2021-02-13 19:41:38,77.93,33.07,3.61,5.17
2021-02-13 19:45:38,77.84,33.59,3.45,4.17
2021-02-13 19:49:38,77.87,33.46,3.47,4.19
2021-02-13 19:53:38,77.72,33.74,3.66,3.93
2021-02-13 19:57:38,77.60,33.47,4.84,3.59
2021-02-13 20:01:38,77.61,33.24,6.67,3.75
2021-02-13 20:05:38,77.67,32.93,7.03,3.39
2021-02-13 20:09:38,77.55,33.42,7.52,3.54
2021-02-13 20:13:38,77.77,32.71,3.09,3.24
2021-02-13 20:17:38,77.63,33.31,3.99,3.34
2021-02-13 20:21:38,77.57,33.66,4.09,3.44
2021-02-13 20:25:38,77.91,32.37,3.04,4.80
2021-02-13 20:29:38,77.77,33.16,2.94,4.10
2021-02-13 20:33:38,77.73,33.44,4.54,3.75
2021-02-13 20:37:38,77.78,32.89,3.04,3.95
2021-02-13 20:41:38,77.73,33.18,3.21,3.21
2021-02-13 20:45:38,77.78,33.24,2.67,3.25
2021-02-13 20:49:38,77.85,33.08,2.58,3.14
2021-02-13 20:53:38,77.69,33.76,3.35,3.53
2021-02-13 20:57:38,77.86,33.56,2.72,2.76
2021-02-13 21:01:38,77.85,33.42,3.04,2.95
2021-02-13 21:05:38,77.82,33.75,3.14,3.15
2021-02-13 21:09:38,77.86,33.31,3.04,2.93
2021-02-13 21:13:38,77.86,33.51,3.09,2.80
2021-02-13 21:17:38,77.85,33.14,3.16,2.91
2021-02-13 21:21:38,77.85,33.23,2.97,2.73
2021-02-13 21:25:38,77.85,32.87,2.43,2.54
2021-02-13 21:29:38,77.85,33.34,2.28,2.35
2021-02-13 21:33:38,77.69,33.79,2.70,2.47
2021-02-13 21:37:38,77.73,32.96,3.04,2.32
2021-02-13 21:41:38,77.73,33.52,2.48,2.17
2021-02-13 21:45:38,77.70,33.49,2.77,2.50
2021-02-13 21:49:38,77.77,32.84,2.62,2.22
2021-02-13 21:53:38,77.74,33.08,2.35,2.06
2021-02-13 21:57:38,77.71,33.27,2.28,2.04
2021-02-13 22:01:38,77.82,33.02,2.33,2.02
2021-02-13 22:05:38,77.81,33.00,2.42,2.15
2021-02-13 22:09:38,77.63,33.82,3.92,3.38
2021-02-13 22:13:38,77.77,32.89,2.79,2.43
2021-02-13 22:17:38,77.83,32.59,2.52,2.10
2021-02-13 22:21:38,77.67,33.44,2.99,2.43
2021-02-13 22:25:38,77.70,33.13,3.00,2.37
2021-02-13 22:29:38,77.67,33.22,2.57,2.02
2021-02-13 22:33:38,77.61,33.64,2.55,1.93
2021-02-13 22:37:38,77.72,33.19,2.60,2.19
2021-02-13 22:41:38,77.74,33.17,2.33,1.84
2021-02-13 22:45:38,77.73,33.07,2.69,2.22
2021-02-13 22:49:38,77.79,33.01,2.45,1.85
2021-02-13 22:53:38,77.76,33.45,2.60,1.95
2021-02-13 22:57:38,77.79,33.01,2.74,2.04
2021-02-13 23:01:38,77.73,33.26,2.84,1.98
2021-02-13 23:05:38,77.54,33.80,10.15,4.91
2021-02-13 23:09:38,77.62,33.34,3.92,2.95
2021-02-13 23:13:38,77.64,33.31,4.15,2.74
2021-02-13 23:17:38,77.68,33.29,5.82,3.93
2021-02-13 23:21:38,77.68,33.12,3.64,2.40
2021-02-13 23:25:38,77.61,33.35,6.02,3.87
2021-02-13 23:29:38,77.68,33.17,3.83,2.57
2021-02-13 23:33:38,77.69,33.13,5.19,3.15
2021-02-13 23:37:38,77.73,33.14,4.21,2.88
2021-02-13 23:41:38,77.73,33.11,3.73,2.36
2021-02-13 23:45:38,77.59,33.45,4.89,2.73
2021-02-13 23:49:38,77.70,32.56,3.42,2.23
2021-02-13 23:53:38,77.59,33.33,4.52,2.97
2021-02-13 23:57:38,77.57,33.54,5.34,3.42
2021-02-14 00:01:38,77.61,33.37,3.97,2.72
2021-02-14 00:05:38,77.55,33.62,4.47,3.19
2021-02-14 00:09:38,77.59,33.44,4.89,3.31
2021-02-14 00:13:38,77.56,33.54,4.73,3.34
2021-02-14 00:17:38,77.59,33.31,4.59,3.06
2021-02-14 00:21:38,77.57,33.38,4.77,3.08
2021-02-14 00:25:38,77.49,33.83,5.24,4.36
2021-02-14 00:29:38,77.57,33.24,3.68,2.67
2021-02-14 00:33:38,77.54,33.08,3.42,2.52
2021-02-14 00:37:38,77.48,33.71,3.54,2.41
2021-02-14 00:41:38,77.56,33.34,3.99,2.54
2021-02-14 00:45:38,77.54,33.44,3.80,2.77
2021-02-14 00:49:38,77.57,33.33,3.90,2.62
2021-02-14 00:53:38,77.45,33.84,4.42,3.88
2021-02-14 00:57:38,77.59,33.09,2.99,2.16
2021-02-14 01:01:38,77.51,33.43,3.66,2.87
2021-02-14 01:05:38,77.50,33.57,4.09,3.32
2021-02-14 01:09:38,77.60,33.14,3.01,2.14
2021-02-14 01:13:38,77.56,33.39,3.95,2.80
2021-02-14 01:17:38,77.52,33.51,3.90,3.21
2021-02-14 01:21:38,77.59,33.33,2.89,2.32
2021-02-14 01:25:38,77.50,33.62,3.73,2.56
2021-02-14 01:29:38,77.60,33.33,3.19,2.38
2021-02-14 01:33:38,77.50,33.69,3.09,2.56
2021-02-14 01:37:38,77.69,33.36,2.52,1.98
2021-02-14 01:41:38,77.66,33.39,3.04,2.31
2021-02-14 01:45:38,77.58,33.38,4.68,2.54
2021-02-14 01:49:38,77.68,33.35,2.92,2.14
2021-02-14 01:53:38,77.59,33.60,3.42,2.64
2021-02-14 01:57:38,77.67,33.37,3.14,2.20
2021-02-14 02:01:38,77.66,33.43,3.31,2.37
2021-02-14 02:05:38,77.61,33.66,3.71,2.52
2021-02-14 02:09:38,77.59,33.67,3.66,2.86
2021-02-14 02:13:38,77.63,33.45,3.35,2.21
2021-02-14 02:17:38,77.62,33.63,3.47,2.66
2021-02-14 02:21:38,77.61,33.69,3.71,3.25
2021-02-14 02:25:38,77.62,33.35,3.56,2.36
2021-02-14 02:29:38,77.62,33.67,3.78,2.86
2021-02-14 02:33:38,77.61,33.51,3.73,2.81
2021-02-14 02:37:38,77.61,33.54,3.40,2.54
2021-02-14 02:41:38,77.60,33.47,3.37,1.98
2021-02-14 02:45:38,77.66,33.81,4.02,3.67
2021-02-14 02:49:38,77.62,33.87,3.78,3.77
2021-02-14 02:53:38,77.58,33.10,3.49,2.05
2021-02-14 02:57:38,77.61,33.63,3.11,2.05
2021-02-14 03:01:38,77.60,33.79,3.80,3.68
2021-02-14 03:05:38,77.60,33.45,3.52,2.61
2021-02-14 03:09:38,77.59,33.40,3.54,2.44
2021-02-14 03:13:38,77.54,33.56,3.61,2.65
2021-02-14 03:17:38,77.56,33.88,4.21,4.00
2021-02-14 03:21:38,77.59,33.40,3.42,2.42
2021-02-14 03:25:38,77.65,33.51,3.40,2.39
2021-02-14 03:29:38,77.58,33.83,3.49,2.73
2021-02-14 03:33:38,77.60,33.68,3.50,2.80
2021-02-14 03:37:38,77.56,33.42,3.61,2.51
2021-02-14 03:41:38,77.58,33.63,3.64,2.73
2021-02-14 03:45:38,77.57,33.79,3.92,3.27
2021-02-14 03:49:38,77.60,33.48,3.66,2.88
2021-02-14 03:53:38,77.55,33.68,3.50,2.89
2021-02-14 03:57:38,77.51,33.91,4.02,3.67
2021-02-14 04:01:38,77.52,33.57,3.75,2.84
2021-02-14 04:05:38,77.49,33.71,3.85,3.67
2021-02-14 04:09:38,77.49,33.88,3.78,2.98
2021-02-14 04:13:38,77.50,33.37,3.47,2.56
2021-02-14 04:17:38,77.56,33.59,3.47,2.50
2021-02-14 04:21:38,77.51,33.93,3.54,2.72
2021-02-14 04:25:38,77.52,33.68,3.66,2.54
2021-02-14 04:29:38,77.52,33.67,3.57,2.65
2021-02-14 04:33:38,77.51,33.75,3.78,2.74
2021-02-14 04:37:38,77.50,33.80,3.62,3.01
2021-02-14 04:41:38,77.49,33.65,3.78,3.23
2021-02-14 04:45:38,77.48,33.70,3.68,3.19
2021-02-14 04:49:38,77.48,33.75,3.85,3.31
2021-02-14 04:53:38,77.54,33.59,3.43,2.61
2021-02-14 04:57:38,77.48,33.75,3.68,3.31
2021-02-14 05:01:38,77.47,33.87,3.73,3.29
2021-02-14 05:05:38,77.52,33.67,3.47,2.85
2021-02-14 05:09:38,77.58,33.68,3.57,2.92
2021-02-14 05:13:38,77.48,34.02,4.21,4.55
2021-02-14 05:17:38,77.51,33.86,3.85,4.24
2021-02-14 05:21:38,77.71,33.63,3.18,2.88
2021-02-14 05:25:38,77.62,33.77,3.35,3.19
2021-02-14 05:29:38,77.53,33.91,3.80,4.34
2021-02-14 05:33:38,77.59,33.58,3.57,3.55
2021-02-14 05:37:38,77.58,33.73,3.35,3.38
2021-02-14 05:41:38,77.54,33.99,4.14,4.55
2021-02-14 05:45:38,77.60,33.64,3.35,3.49
2021-02-14 05:49:38,77.59,33.69,3.54,3.37
2021-02-14 05:53:38,77.47,34.04,3.83,4.14
2021-02-14 05:57:38,77.50,33.86,3.19,3.06
2021-02-14 06:01:38,77.67,33.65,3.19,2.84
2021-02-14 06:05:38,77.62,33.72,2.94,2.66
2021-02-14 06:09:38,77.56,34.01,4.23,5.09
2021-02-14 06:13:38,77.66,33.80,3.01,2.80
2021-02-14 06:17:38,77.67,33.77,3.17,2.84
2021-02-14 06:21:38,77.67,33.83,3.14,3.12
2021-02-14 06:25:38,77.57,33.87,3.07,2.90
2021-02-14 06:29:38,77.58,33.89,3.50,3.78
2021-02-14 06:33:38,77.64,33.74,3.19,3.15
2021-02-14 06:37:38,77.61,33.88,3.29,3.28
2021-02-14 06:41:38,77.59,33.90,3.73,4.15
2021-02-14 06:45:38,77.67,33.86,3.04,3.13
2021-02-14 06:49:38,77.60,33.99,3.31,3.20
2021-02-14 06:53:38,77.67,33.99,3.16,3.24
2021-02-14 06:57:38,77.69,33.87,3.35,3.40
2021-02-14 07:01:38,77.63,34.07,3.37,4.07
2021-02-14 07:05:38,77.69,33.86,3.26,3.48
2021-02-14 07:09:38,77.69,33.97,3.01,3.58
2021-02-14 07:13:38,77.57,34.13,3.29,4.15
2021-02-14 07:17:38,77.68,33.85,3.24,3.71
2021-02-14 07:21:38,77.67,33.86,3.09,3.65
2021-02-14 07:25:38,77.67,33.84,3.33,3.99
2021-02-14 07:29:38,77.64,33.64,2.89,3.29
2021-02-14 07:33:38,77.69,34.02,3.01,3.69
2021-02-14 07:37:38,77.67,33.99,3.01,3.94
2021-02-14 07:41:38,77.65,33.73,3.26,3.74
2021-02-14 07:45:38,77.68,34.05,2.79,3.95
2021-02-14 07:49:38,77.67,33.96,3.19,4.09
2021-02-14 07:53:38,77.67,33.78,2.73,3.42
2021-02-14 07:57:38,77.68,33.79,2.50,3.38
2021-02-14 08:01:38,77.65,33.63,2.87,3.76
2021-02-14 08:05:38,77.56,32.96,2.87,4.09
2021-02-14 08:09:38,77.66,33.77,2.92,4.91
2021-02-14 08:13:38,77.59,33.63,3.07,4.46
2021-02-14 08:17:38,77.58,33.37,3.09,4.92
2021-02-14 08:21:38,77.75,32.88,3.16,6.61
2021-02-14 08:25:38,77.68,33.70,2.84,4.14
2021-02-14 08:29:38,77.78,32.93,3.29,7.23
2021-02-14 08:33:38,77.65,33.70,2.82,4.69
2021-02-14 08:37:38,77.21,34.12,11.72,3.32
2021-02-14 08:41:38,77.26,33.92,8.51,3.83
2021-02-14 08:45:38,77.33,33.63,7.49,3.88
2021-02-14 08:49:38,77.22,33.98,9.26,3.96
2021-02-14 08:53:38,77.22,33.82,6.14,3.16
2021-02-14 08:57:38,77.37,33.31,6.17,4.34
2021-02-14 09:01:38,77.71,32.83,4.56,7.27
2021-02-14 09:05:38,77.85,32.87,4.26,8.62
2021-02-14 09:09:38,77.70,33.08,4.25,7.75
2021-02-14 09:13:38,77.79,33.01,3.99,9.48
2021-02-14 09:17:38,77.76,33.08,4.45,8.04
2021-02-14 09:21:38,77.92,32.91,4.33,8.79
2021-02-14 09:25:38,77.78,33.18,4.23,9.99
2021-02-14 09:29:38,77.76,33.27,4.06,8.85
2021-02-14 09:33:38,77.73,33.38,3.73,9.80
2021-02-14 09:37:38,77.73,33.49,3.66,9.15
2021-02-14 09:41:38,77.76,33.45,3.85,10.23
2021-02-14 09:45:38,78.03,33.19,4.28,14.94
2021-02-14 09:49:38,78.07,33.09,4.54,15.46
2021-02-14 09:53:38,78.01,33.34,3.92,11.25
2021-02-14 09:57:38,77.95,33.44,4.28,12.70
2021-02-14 10:01:38,78.05,33.18,4.23,14.36
2021-02-14 10:05:38,78.32,33.01,4.57,19.04
2021-02-14 10:09:38,78.29,33.14,4.61,17.99
2021-02-14 10:13:38,78.20,32.98,4.30,13.78
2021-02-14 10:17:38,78.13,33.19,4.32,16.76
2021-02-14 10:21:38,78.10,33.23,4.28,15.34
2021-02-14 10:25:38,78.03,33.43,4.21,16.64
2021-02-14 10:29:38,78.02,33.44,4.11,15.71
2021-02-14 10:33:38,77.84,33.66,3.95,11.25
2021-02-14 10:37:38,77.78,33.76,3.94,10.35
2021-02-14 10:41:38,77.84,33.66,4.06,10.19
2021-02-14 10:45:38,78.01,33.00,3.83,12.51
2021-02-14 10:49:38,77.80,33.74,4.30,16.43
2021-02-14 10:53:38,77.63,33.98,4.00,9.52
2021-02-14 10:57:38,78.42,32.15,4.66,16.27
2021-02-14 11:01:38,77.89,33.51,5.29,21.18
2021-02-14 11:05:38,78.27,33.02,5.10,21.36
2021-02-14 11:09:38,78.40,32.83,5.05,23.85
2021-02-14 11:13:38,78.12,33.31,5.13,19.94
2021-02-14 11:17:38,78.30,32.50,4.61,11.68
2021-02-14 11:21:38,78.61,32.18,4.93,14.41
2021-02-14 11:25:38,78.42,32.77,5.15,19.51
2021-02-14 11:29:38,78.25,33.08,5.13,19.19
2021-02-14 11:33:38,78.49,32.64,4.91,16.11
2021-02-14 11:37:38,77.92,33.67,5.08,17.89
2021-02-14 11:41:38,77.91,33.60,5.15,14.17
2021-02-14 11:45:38,78.25,32.87,4.54,12.93
2021-02-14 11:49:38,78.29,33.02,5.05,15.40
2021-02-14 11:53:38,78.02,33.48,4.98,15.12
2021-02-14 11:57:38,78.59,32.31,4.04,10.08
2021-02-14 12:01:38,78.42,32.64,4.59,14.44
2021-02-14 12:05:38,78.10,33.32,4.64,14.40
2021-02-14 12:09:38,78.45,32.63,4.47,14.90
2021-02-14 12:13:38,78.20,33.16,5.05,14.61
2021-02-14 12:17:38,78.38,32.89,4.66,18.03
2021-02-14 12:21:38,78.29,33.02,4.68,16.82
2021-02-14 12:25:38,78.52,32.64,4.73,19.44
2021-02-14 12:29:38,78.31,33.00,4.42,17.80
2021-02-14 12:33:38,78.07,33.52,4.63,18.23
2021-02-14 12:37:38,78.56,32.55,4.98,19.00
2021-02-14 12:41:38,78.16,33.34,4.61,18.89
2021-02-14 12:45:38,78.47,32.76,4.49,18.38
2021-02-14 12:49:38,78.29,33.07,5.03,17.88
2021-02-14 12:53:38,78.07,33.47,5.39,13.46
2021-02-14 12:57:38,78.14,33.35,4.88,16.74
2021-02-14 13:01:38,78.32,32.99,4.64,17.56
2021-02-14 13:05:38,78.50,32.68,4.73,19.03
2021-02-14 13:09:38,78.45,32.80,4.77,18.44
2021-02-14 13:13:38,78.00,33.65,4.84,17.77
2021-02-14 13:17:38,78.23,33.24,5.03,17.18
2021-02-14 13:21:38,78.50,32.75,4.86,19.22
2021-02-14 13:25:38,78.49,32.81,5.10,18.12
2021-02-14 13:29:38,78.52,32.73,4.86,19.58
2021-02-14 13:33:38,78.55,32.72,4.98,20.56
2021-02-14 13:37:38,78.49,32.84,4.84,20.62
2021-02-14 13:41:38,78.38,33.04,4.83,20.63
2021-02-14 13:45:38,78.46,32.91,5.00,21.08
2021-02-14 13:49:38,78.42,33.01,4.86,19.85
2021-02-14 13:53:38,78.42,33.12,4.79,20.25
2021-02-14 13:57:38,78.72,32.63,4.98,24.32
2021-02-14 14:01:38,78.76,32.53,4.86,22.45
2021-02-14 14:05:38,78.65,32.79,4.75,20.57
2021-02-14 14:09:38,78.48,33.11,4.91,24.21
2021-02-14 14:13:38,78.55,33.06,4.63,20.64
2021-02-14 14:17:38,78.30,33.38,4.63,17.61
2021-02-14 14:21:38,79.03,32.03,4.56,21.86
2021-02-14 14:25:38,79.15,31.83,4.39,19.32
2021-02-14 14:29:38,78.94,32.40,4.65,20.97
2021-02-14 14:33:38,78.76,32.62,4.49,16.18
2021-02-14 14:37:38,78.46,33.12,4.32,17.59
2021-02-14 14:41:38,78.47,33.05,4.32,16.69
2021-02-14 14:45:38,78.41,33.19,4.56,18.04
2021-02-14 14:49:38,78.46,33.14,4.25,17.60
2021-02-14 14:53:38,78.55,32.99,4.32,18.24
2021-02-14 14:57:38,78.27,33.45,4.25,17.43
2021-02-14 15:01:38,78.73,32.85,4.30,18.84
2021-02-14 15:05:38,78.27,33.45,4.16,16.36
2021-02-14 15:09:38,78.43,33.27,4.35,16.96
2021-02-14 15:13:38,79.04,32.34,4.16,15.99
2021-02-14 15:17:38,78.45,33.21,3.99,15.90
2021-02-14 15:21:38,78.66,33.03,4.54,22.34
2021-02-14 15:25:38,78.79,32.83,5.70,29.11
2021-02-14 15:29:38,78.79,32.84,4.80,24.45
2021-02-14 15:33:38,78.84,32.77,4.78,27.09
2021-02-14 15:37:38,78.54,33.22,5.08,28.99
2021-02-14 15:41:38,78.46,33.44,4.89,27.11
2021-02-14 15:45:38,78.66,33.25,4.88,27.84
2021-02-14 15:49:38,78.26,33.59,10.20,4.90
2021-02-14 15:53:38,78.62,33.15,6.59,5.35
2021-02-14 15:57:38,78.78,32.88,5.29,6.84
2021-02-14 16:01:38,78.09,33.81,9.16,4.78
2021-02-14 16:05:38,78.01,33.89,8.53,4.92
2021-02-14 16:09:38,78.98,32.22,5.65,6.36
2021-02-14 16:13:38,78.18,33.79,6.40,5.70
2021-02-14 16:17:38,78.98,32.57,4.71,16.27
2021-02-14 16:21:38,78.93,32.50,4.28,18.67
2021-02-14 16:25:38,78.28,33.65,5.46,10.44
2021-02-14 16:29:38,78.65,33.02,4.39,15.64
2021-02-14 16:33:38,78.67,32.93,4.11,16.93
2021-02-14 16:37:38,78.61,32.98,3.82,13.25
2021-02-14 16:41:38,78.69,32.74,3.49,11.92
2021-02-14 16:45:38,78.77,32.55,3.42,11.21
2021-02-14 16:49:38,78.73,32.67,3.57,10.06
2021-02-14 16:53:38,78.68,32.63,3.54,9.06
2021-02-14 16:57:38,78.67,33.00,4.37,9.95
2021-02-14 17:01:38,78.59,32.49,3.04,7.86
2021-02-14 17:05:38,78.57,32.69,3.11,11.06
2021-02-14 17:09:38,78.44,32.98,3.40,8.62
2021-02-14 17:13:38,78.46,32.85,3.06,10.34
2021-02-14 17:17:38,78.50,32.88,3.24,10.42
2021-02-14 17:21:38,78.58,32.59,3.09,8.37
2021-02-14 17:25:38,78.42,33.39,3.29,10.19
2021-02-14 17:29:38,78.40,32.75,2.70,5.37
2021-02-14 17:33:38,78.43,33.07,3.04,6.78
2021-02-14 17:37:38,78.41,33.29,2.99,7.61
2021-02-14 17:41:38,78.40,33.12,3.35,8.07
2021-02-14 17:45:38,78.46,33.02,3.16,6.66
2021-02-14 17:49:38,78.40,33.09,3.31,7.72
2021-02-14 17:53:38,78.39,33.09,3.19,7.86
2021-02-14 17:57:38,78.47,32.51,3.02,5.37
2021-02-14 18:01:38,78.45,33.14,3.64,7.93
2021-02-14 18:05:38,78.50,33.09,3.90,7.38
2021-02-14 18:09:38,78.40,33.29,3.19,6.26
2021-02-14 18:13:38,78.35,33.31,3.21,6.49
2021-02-14 18:17:38,78.31,33.31,2.99,6.75
2021-02-14 18:21:38,78.39,33.39,2.94,6.02
2021-02-14 18:25:38,78.44,33.41,3.04,6.69
2021-02-14 18:29:38,78.47,32.74,2.89,4.23
2021-02-14 18:33:38,78.35,33.45,3.24,5.25
2021-02-14 18:37:38,78.35,33.49,3.31,6.64
2021-02-14 18:41:38,78.38,33.01,2.67,2.64
2021-02-14 18:45:38,78.35,33.50,2.50,3.12
2021-02-14 18:49:38,78.33,33.51,3.99,3.44
2021-02-14 18:53:38,78.23,33.37,9.86,4.95
2021-02-14 18:57:38,78.27,33.31,11.28,5.53
2021-02-14 19:01:38,78.29,33.19,8.82,5.30
2021-02-14 19:05:38,78.27,33.32,8.43,5.58
2021-02-14 19:09:38,78.26,33.31,9.38,5.33
2021-02-14 19:13:38,78.15,33.56,6.64,4.43
2021-02-14 19:17:38,78.19,33.56,7.21,4.77
2021-02-14 19:21:38,78.39,32.98,5.73,4.26
2021-02-14 19:25:38,78.24,33.45,6.09,4.61
2021-02-14 19:29:38,78.32,33.40,5.87,4.24
2021-02-14 19:33:38,78.48,33.00,4.84,3.49
2021-02-14 19:37:38,78.45,33.10,4.82,3.94
2021-02-14 19:41:38,78.39,33.37,5.22,3.84
2021-02-14 19:45:38,78.50,32.67,2.62,2.41
2021-02-14 19:49:38,78.45,33.12,4.28,3.20
2021-02-14 19:53:38,78.41,33.15,3.90,3.14
2021-02-14 19:57:38,78.43,32.26,2.50,2.61
2021-02-14 20:01:38,78.41,32.97,2.91,2.77
2021-02-14 20:05:38,78.32,33.38,4.73,3.90
2021-02-14 20:09:38,78.41,32.78,2.67,3.08
2021-02-14 20:13:38,78.38,32.76,2.74,2.90
2021-02-14 20:17:38,78.37,33.04,2.67,2.95
2021-02-14 20:21:38,78.35,33.27,3.99,3.36
2021-02-14 20:25:38,78.35,33.18,3.07,2.80
2021-02-14 20:29:38,78.36,32.65,2.55,2.63
2021-02-14 20:33:38,78.32,33.24,2.87,2.68
2021-02-14 20:37:38,78.32,33.42,3.80,2.98
2021-02-14 20:41:38,78.30,32.73,2.57,2.25
2021-02-14 20:45:38,78.29,32.78,2.20,2.26
2021-02-14 20:49:38,78.29,33.17,2.70,2.39
2021-02-14 20:53:38,78.32,32.70,2.92,2.88
2021-02-14 20:57:38,78.28,33.15,2.84,2.91
2021-02-14 21:01:38,78.33,32.80,2.62,2.43
2021-02-14 21:05:38,78.34,32.86,2.82,2.44
2021-02-14 21:09:38,78.32,32.96,2.84,2.38
2021-02-14 21:13:38,78.34,32.84,2.69,2.34
2021-02-14 21:17:38,78.35,32.80,2.94,2.51
2021-02-14 21:21:38,78.30,33.05,2.80,2.47
2021-02-14 21:25:38,78.36,32.81,2.82,2.53
2021-02-14 21:29:38,78.25,33.41,2.94,2.68
2021-02-14 21:33:38,78.30,33.14,2.84,2.68
2021-02-14 21:37:38,78.44,32.49,2.59,2.28
2021-02-14 21:41:38,78.26,33.37,3.12,2.97
2021-02-14 21:45:38,78.28,33.19,3.26,2.83
2021-02-14 21:49:38,78.35,32.76,2.79,2.33
2021-02-14 21:53:38,78.29,33.11,2.63,2.48
2021-02-14 21:57:38,78.28,33.13,3.06,2.81
2021-02-14 22:01:38,78.46,32.54,2.79,2.58
2021-02-14 22:05:38,78.24,33.39,2.87,2.79
2021-02-14 22:09:38,78.29,33.16,3.40,3.19
2021-02-14 22:13:38,78.38,32.73,2.75,2.79
2021-02-14 22:17:38,78.28,33.16,3.42,3.12
2021-02-14 22:21:38,78.28,33.11,3.35,3.18
2021-02-14 22:25:38,78.39,32.66,2.60,2.56
2021-02-14 22:29:38,78.28,33.26,3.35,3.08
2021-02-14 22:33:38,78.38,32.75,2.57,2.63
2021-02-14 22:37:38,78.41,32.72,2.40,2.38
2021-02-14 22:41:38,78.34,33.11,3.21,2.85
2021-02-14 22:45:38,78.36,32.98,2.87,2.80
2021-02-14 22:49:38,78.35,33.02,2.92,2.64
2021-02-14 22:53:38,78.39,32.77,2.45,2.89
2021-02-14 22:57:38,78.31,33.13,3.09,3.07
2021-02-14 23:01:38,78.29,33.17,2.92,2.98
2021-02-14 23:05:38,78.28,33.19,2.89,2.86
2021-02-14 23:09:38,78.35,32.79,2.33,2.79
2021-02-14 23:13:38,78.25,33.47,3.09,3.13
2021-02-14 23:17:38,78.32,33.04,3.06,3.08
2021-02-14 23:21:38,78.32,32.96,2.94,2.60
2021-02-14 23:25:38,78.35,33.03,2.57,3.14
2021-02-14 23:29:38,78.31,33.17,3.04,3.14
2021-02-14 23:33:38,78.34,33.03,2.94,2.88
2021-02-14 23:37:38,78.39,33.06,3.16,2.98
2021-02-14 23:41:38,78.42,32.86,2.35,2.67
2021-02-14 23:45:38,78.34,33.37,3.09,2.97
2021-02-14 23:49:38,78.34,33.29,3.09,2.90
2021-02-14 23:53:38,78.64,32.77,2.89,2.92
2021-02-14 23:57:38,78.37,33.27,2.60,2.70
2021-02-15 00:01:38,78.33,33.10,2.65,2.75
2021-02-15 00:05:38,78.26,33.44,3.19,3.21
2021-02-15 00:09:38,78.37,32.82,2.87,3.02
2021-02-15 00:13:38,78.17,33.61,2.82,2.88
2021-02-15 00:17:38,78.30,33.25,3.29,3.14
2021-02-15 00:21:38,78.20,33.29,2.99,3.02
2021-02-15 00:25:38,78.23,33.21,2.82,2.98
2021-02-15 00:29:38,78.26,32.85,3.02,2.93
2021-02-15 00:33:38,78.32,33.26,2.82,2.77
2021-02-15 00:37:38,78.30,33.19,2.85,2.77
2021-02-15 00:41:38,78.29,33.23,2.94,3.02
2021-02-15 00:45:38,78.29,32.86,2.87,2.69
2021-02-15 00:49:38,78.30,33.12,2.62,2.69
2021-02-15 00:53:38,78.29,33.30,3.09,2.97
2021-02-15 00:57:38,78.40,33.06,2.89,2.92
2021-02-15 01:01:38,78.24,33.37,2.94,2.91
2021-02-15 01:05:38,78.26,33.29,3.24,3.33
2021-02-15 01:09:38,78.18,33.45,3.34,3.32
2021-02-15 01:13:38,78.18,33.44,3.26,3.25
2021-02-15 01:17:38,78.19,33.45,3.33,3.28
2021-02-15 01:21:38,78.22,33.46,3.18,3.18
2021-02-15 01:25:38,78.27,33.28,3.11,3.02
2021-02-15 01:29:38,78.27,33.37,2.94,2.65
2021-02-15 01:33:38,78.19,33.78,2.80,2.49
2021-02-15 01:37:38,78.29,33.36,3.06,2.86
2021-02-15 01:41:38,78.29,33.29,2.84,2.72
2021-02-15 01:45:38,78.27,33.39,2.82,2.71
2021-02-15 01:49:38,78.21,33.56,2.87,2.62
2021-02-15 01:53:38,78.25,33.16,2.94,2.73
2021-02-15 01:57:38,78.14,33.67,3.21,2.97
2021-02-15 02:01:38,78.21,33.39,3.19,3.17
2021-02-15 02:05:38,78.17,33.52,3.42,2.93
2021-02-15 02:09:38,78.13,33.57,3.21,3.37
2021-02-15 02:13:38,78.20,33.34,3.01,2.88
2021-02-15 02:17:38,78.12,33.67,2.92,2.87
2021-02-15 02:21:38,78.21,33.46,3.14,2.97
2021-02-15 02:25:38,78.23,33.41,3.14,3.03
2021-02-15 02:29:38,78.17,33.61,3.26,3.02
2021-02-15 02:33:38,78.22,33.39,2.94,2.81
2021-02-15 02:37:38,78.22,33.31,2.99,2.47
2021-02-15 02:41:38,78.21,33.39,3.11,2.92
2021-02-15 02:45:38,78.17,33.64,3.01,2.71
2021-02-15 02:49:38,78.20,33.47,2.92,2.80
2021-02-15 02:53:38,78.20,33.45,3.33,2.91
2021-02-15 02:57:38,78.20,33.46,3.04,2.81
2021-02-15 03:01:38,78.18,33.47,2.95,2.53
2021-02-15 03:05:38,78.18,33.57,3.11,2.69
2021-02-15 03:09:38,78.20,33.45,2.97,2.44
2021-02-15 03:13:38,78.24,33.42,2.80,2.43
2021-02-15 03:17:38,78.19,33.57,2.74,2.36
2021-02-15 03:21:38,78.17,33.61,3.06,2.54
2021-02-15 03:25:38,78.19,33.51,2.65,2.32
2021-02-15 03:29:38,78.19,33.53,2.74,2.37
2021-02-15 03:33:38,78.22,33.42,2.72,2.43
2021-02-15 03:37:38,78.10,33.75,2.82,2.57
2021-02-15 03:41:38,78.10,33.74,2.89,2.26
2021-02-15 03:45:38,78.15,33.59,2.82,2.43
2021-02-15 03:49:38,78.16,33.52,2.85,2.38
2021-02-15 03:53:38,78.13,33.63,2.82,2.61
2021-02-15 03:57:38,78.13,33.66,2.72,2.30
2021-02-15 04:01:38,78.14,33.63,2.77,2.38
2021-02-15 04:05:38,78.13,33.65,2.77,2.41
2021-02-15 04:09:38,78.07,33.83,3.17,3.35
2021-02-15 04:13:38,78.14,33.57,2.84,2.49
2021-02-15 04:17:38,78.14,33.58,2.82,2.50
2021-02-15 04:21:38,78.09,33.68,3.06,2.90
2021-02-15 04:25:38,78.11,33.64,3.14,2.85
2021-02-15 04:29:38,78.13,33.61,2.97,3.28
2021-02-15 04:33:38,78.11,33.57,3.16,3.26
2021-02-15 04:37:38,78.07,33.66,3.47,3.79
2021-02-15 04:41:38,78.07,33.67,3.59,3.98
2021-02-15 04:45:38,78.08,33.62,3.44,4.18
2021-02-15 04:49:38,78.05,33.71,3.56,4.02
2021-02-15 04:53:38,78.04,33.76,3.42,3.67
2021-02-15 04:57:38,78.04,33.76,3.44,3.84
2021-02-15 05:01:38,78.06,33.67,3.49,3.69
2021-02-15 05:05:38,78.04,33.74,3.31,3.83
2021-02-15 05:09:38,78.03,33.77,3.31,3.75
2021-02-15 05:13:38,78.06,33.62,3.16,3.62
2021-02-15 05:17:38,78.06,33.52,3.09,3.38
2021-02-15 05:21:38,78.06,33.75,3.31,3.38
2021-02-15 05:25:38,78.03,33.69,3.24,3.61
2021-02-15 05:29:38,78.00,33.50,2.82,2.68
2021-02-15 05:33:38,78.07,33.80,3.02,3.35
2021-02-15 05:37:38,78.11,33.81,3.01,3.50
2021-02-15 05:41:38,78.04,33.47,2.62,2.91
2021-02-15 05:45:38,78.11,33.77,3.09,3.31
2021-02-15 05:49:38,78.09,33.72,2.80,3.23
2021-02-15 05:53:38,78.10,33.65,2.69,3.18
2021-02-15 05:57:38,78.05,33.55,2.96,3.20
2021-02-15 06:01:38,78.09,33.66,2.82,3.26
2021-02-15 06:05:38,78.12,33.63,2.57,3.17
2021-02-15 06:09:38,78.11,33.67,2.72,2.79
2021-02-15 06:13:38,78.09,33.67,2.84,3.10
2021-02-15 06:17:38,78.05,33.75,2.84,2.92
2021-02-15 06:21:38,78.11,33.63,2.55,2.88
2021-02-15 06:25:38,78.04,33.92,2.84,3.25
2021-02-15 06:29:38,78.03,33.95,2.74,3.03
2021-02-15 06:33:38,78.09,33.57,2.50,2.57
2021-02-15 06:37:38,78.09,33.58,2.62,2.82
2021-02-15 06:41:38,78.06,33.61,2.72,3.21
2021-02-15 06:45:38,78.06,33.54,2.60,2.93
2021-02-15 06:49:38,78.05,33.69,2.70,3.60
2021-02-15 06:53:38,78.08,33.77,2.55,3.02
2021-02-15 06:57:38,78.08,33.83,2.62,3.38
2021-02-15 07:01:38,78.09,33.61,2.70,3.38
2021-02-15 07:05:38,78.07,33.74,2.67,3.13
2021-02-15 07:09:38,78.08,33.71,3.09,3.88
2021-02-15 07:13:38,78.08,33.71,2.94,3.29
2021-02-15 07:17:38,78.08,33.79,2.77,3.27
2021-02-15 07:21:38,78.07,33.85,2.82,3.26
2021-02-15 07:25:38,78.09,33.73,2.64,3.23
2021-02-15 07:29:38,78.08,33.74,3.04,3.62
2021-02-15 07:33:38,78.08,33.82,2.97,3.53
2021-02-15 07:37:38,78.09,33.85,2.85,3.54
2021-02-15 07:41:38,78.08,33.72,3.21,4.06
2021-02-15 07:45:38,78.09,33.85,2.79,3.32
2021-02-15 07:49:38,78.07,33.90,2.92,3.56
2021-02-15 07:53:38,78.08,33.62,2.67,3.82
2021-02-15 07:57:38,78.09,33.81,2.69,3.67
2021-02-15 08:01:38,78.11,33.82,3.06,3.94
2021-02-15 08:05:38,78.09,33.63,2.50,3.69
2021-02-15 08:09:38,78.10,33.81,2.57,4.26
2021-02-15 08:13:38,78.10,33.77,3.11,4.08
2021-02-15 08:17:38,78.07,33.71,3.12,4.24
2021-02-15 08:21:38,78.03,33.80,2.77,4.12
2021-02-15 08:25:38,78.09,33.31,3.16,4.07
2021-02-15 08:29:38,77.84,33.89,5.44,3.61
2021-02-15 08:33:38,77.76,33.90,4.78,3.28
2021-02-15 08:37:38,77.81,33.60,3.24,3.68
2021-02-15 08:41:38,77.72,33.66,5.24,3.58
2021-02-15 08:45:38,77.50,33.89,12.06,3.00
2021-02-15 08:49:38,77.57,33.48,8.67,2.73
2021-02-15 08:53:38,77.72,33.19,5.65,2.87
2021-02-15 08:57:38,77.75,33.32,4.42,3.37
2021-02-15 09:01:38,77.98,32.98,3.76,3.93
2021-02-15 09:05:38,78.21,32.68,3.04,4.60
2021-02-15 09:09:38,77.87,33.40,3.78,3.95
2021-02-15 09:13:38,78.15,33.00,3.16,5.62
2021-02-15 09:17:38,78.36,32.71,3.04,4.64
2021-02-15 09:21:38,78.33,32.82,3.19,5.93
2021-02-15 09:25:38,77.90,33.44,3.47,5.39
2021-02-15 09:29:38,78.44,32.73,3.35,5.88
2021-02-15 09:33:38,78.30,32.95,3.71,9.15
2021-02-15 09:37:38,78.63,32.74,3.66,7.27
2021-02-15 09:41:38,78.74,32.63,3.80,8.56
2021-02-15 09:45:38,78.58,32.85,3.71,8.11
2021-02-15 09:49:38,79.16,32.12,3.92,10.53
2021-02-15 09:53:38,78.39,33.08,3.99,7.75
2021-02-15 09:57:38,78.49,32.98,3.94,6.77
2021-02-15 10:01:38,78.59,32.77,3.92,8.58
2021-02-15 10:05:38,79.01,32.27,3.54,6.05
2021-02-15 10:09:38,78.95,32.71,4.04,8.80
2021-02-15 10:13:38,79.23,31.96,3.95,8.47
2021-02-15 10:17:38,78.24,33.73,3.66,7.62
2021-02-15 10:21:38,78.86,32.66,3.92,10.19
2021-02-15 10:25:38,79.14,32.22,3.85,8.83
2021-02-15 10:29:38,78.51,33.57,3.78,8.34
2021-02-15 10:33:38,78.84,32.64,3.97,7.85
2021-02-15 10:37:38,78.62,33.24,4.18,8.18
2021-02-15 10:41:38,78.97,32.50,4.35,11.64
2021-02-15 10:45:38,79.27,32.33,4.42,11.60
2021-02-15 10:49:38,78.90,32.98,4.42,12.33
2021-02-15 10:53:38,78.98,32.85,4.06,10.06
2021-02-15 10:57:38,79.05,32.75,3.99,10.00
2021-02-15 11:01:38,78.95,33.10,4.49,13.13
2021-02-15 11:05:38,78.86,32.67,4.13,11.17
2021-02-15 11:09:38,78.84,33.07,4.16,11.35
2021-02-15 11:13:38,78.55,33.53,4.39,12.14
2021-02-15 11:17:38,78.66,33.26,4.42,12.32
2021-02-15 11:21:38,78.58,33.34,4.23,10.54
2021-02-15 11:25:38,78.47,33.34,3.85,8.40
2021-02-15 11:29:38,78.62,33.25,3.78,7.13
2021-02-15 11:33:38,78.49,33.36,4.09,10.71
2021-02-15 11:37:38,78.73,33.07,4.04,8.27
2021-02-15 11:41:38,78.69,33.14,4.14,8.90
2021-02-15 11:45:38,78.69,33.09,4.18,8.64
2021-02-15 11:49:38,78.79,32.88,4.04,10.25
2021-02-15 11:53:38,78.63,33.29,4.47,9.11
2021-02-15 11:57:38,79.04,32.60,4.37,11.51
2021-02-15 12:01:38,78.76,33.17,4.14,9.82
2021-02-15 12:05:38,78.69,33.22,4.32,10.17
2021-02-15 12:09:38,78.93,32.83,4.16,10.28
2021-02-15 12:13:38,78.52,33.43,4.59,10.95
2021-02-15 12:17:38,79.04,32.79,4.21,9.44
2021-02-15 12:21:38,78.76,33.12,4.35,9.91
2021-02-15 12:25:38,78.52,33.39,4.47,9.87
2021-02-15 12:29:38,79.34,32.77,4.09,9.28
2021-02-15 12:33:38,79.25,32.87,4.32,10.55
2021-02-15 12:37:38,78.92,33.09,4.37,9.20
2021-02-15 12:41:38,78.93,33.12,4.35,9.01
2021-02-15 12:45:38,78.53,33.28,4.49,9.76
2021-02-15 12:49:38,78.42,33.17,5.97,6.53
2021-02-15 12:53:38,78.10,33.76,10.40,4.30
2021-02-15 12:57:38,78.33,33.35,12.42,4.09
2021-02-15 13:01:38,78.23,33.52,10.59,4.35
2021-02-15 13:05:38,78.25,33.58,7.84,5.67
2021-02-15 13:09:38,78.59,32.77,7.35,3.58
2021-02-15 13:13:38,78.49,33.00,6.00,3.15
2021-02-15 13:17:38,78.57,33.04,6.56,4.26
2021-02-15 13:21:38,78.70,32.89,6.01,4.83
2021-02-15 13:25:38,78.89,32.65,4.80,5.33
2021-02-15 13:29:38,78.68,33.09,5.30,6.21
2021-02-15 13:33:38,78.94,32.71,5.17,6.12
2021-02-15 13:37:38,78.63,33.24,4.77,6.34
2021-02-15 13:41:38,78.55,33.38,5.36,6.59
2021-02-15 13:45:38,78.84,32.93,4.93,6.90
2021-02-15 13:49:38,78.85,32.93,5.05,6.36
2021-02-15 13:53:38,79.03,32.50,4.82,6.74
2021-02-15 13:57:38,78.57,33.46,4.92,7.27
2021-02-15 14:01:38,79.08,32.47,4.66,6.78
2021-02-15 14:05:38,79.26,32.14,4.82,7.13
2021-02-15 14:09:38,78.82,33.07,4.80,7.26
2021-02-15 14:13:38,79.01,32.71,4.70,7.99
2021-02-15 14:17:38,79.06,32.64,4.63,7.98
2021-02-15 14:21:38,78.94,32.89,4.35,7.79
2021-02-15 14:25:38,78.97,32.86,4.42,8.72
2021-02-15 14:29:38,78.88,33.08,4.84,9.12
2021-02-15 14:33:38,79.27,32.34,4.12,7.11
2021-02-15 14:37:38,79.19,32.54,4.14,6.18
2021-02-15 14:41:38,79.02,32.92,4.72,8.18
2021-02-15 14:45:38,79.05,32.85,4.52,8.59
2021-02-15 14:49:38,79.21,32.62,3.95,5.01
2021-02-15 14:53:38,79.40,32.25,3.90,6.01
2021-02-15 14:57:38,79.10,32.98,4.16,7.06
2021-02-15 15:01:38,79.14,32.85,3.97,7.75
2021-02-15 15:05:38,78.97,33.15,4.37,8.26
2021-02-15 15:09:38,79.05,33.01,4.16,7.45
2021-02-15 15:13:38,79.31,32.75,4.42,9.96
2021-02-15 15:17:38,79.48,32.63,4.09,10.48
2021-02-15 15:22:31,79.55,32.68,3.83,11.22
2021-02-15 15:25:38,79.26,33.04,4.30,12.14
2021-02-15 15:29:38,79.77,32.16,4.06,10.19
2021-02-15 15:33:38,79.13,33.15,4.30,12.18
2021-02-15 15:37:38,79.07,33.21,4.51,11.01
2021-02-15 15:41:38,79.52,32.57,4.28,12.10
2021-02-15 15:45:38,79.55,32.56,4.46,9.77
2021-02-15 15:49:38,79.39,32.86,3.96,11.18
2021-02-15 15:53:38,79.49,32.69,3.92,6.66
2021-02-15 15:57:38,79.26,33.04,4.28,12.92
2021-02-15 16:01:38,79.52,32.78,4.30,12.51
2021-02-15 16:05:38,79.52,32.77,4.30,11.13
2021-02-15 16:09:38,79.14,33.50,5.46,7.42
2021-02-15 16:13:38,79.12,33.23,5.13,8.34
2021-02-15 16:17:38,79.68,32.39,4.11,10.65
2021-02-15 16:21:38,78.97,33.45,5.97,7.69
2021-02-15 16:25:38,79.30,32.93,7.39,4.80
2021-02-15 16:29:38,79.41,32.76,6.16,6.20
2021-02-15 16:33:38,79.55,32.70,5.42,5.81
2021-02-15 16:37:38,79.65,32.66,5.13,5.49
2021-02-15 16:41:38,79.44,33.33,5.03,5.14
2021-02-15 16:45:38,79.69,32.74,5.19,4.61
2021-02-15 16:49:38,79.59,33.06,4.79,3.93
2021-02-15 16:53:38,79.51,33.18,4.91,5.02
2021-02-15 16:57:38,79.64,32.89,4.35,5.16
2021-02-15 17:01:38,79.48,33.04,4.61,5.20
2021-02-15 17:05:38,79.43,33.08,4.44,5.84
2021-02-15 17:09:38,79.57,32.74,3.90,7.86
2021-02-15 17:13:38,79.38,33.32,3.97,7.89
2021-02-15 17:17:38,79.56,33.17,4.13,6.55
2021-02-15 17:21:38,79.62,32.75,3.85,7.49
2021-02-15 17:25:38,79.56,32.80,4.14,7.08
2021-02-15 17:29:38,79.46,33.14,3.85,7.16
2021-02-15 17:33:38,79.20,33.29,4.09,7.35
2021-02-15 17:37:38,79.54,32.81,3.85,7.43
2021-02-15 17:41:38,79.43,32.72,3.44,7.42
2021-02-15 17:45:38,79.40,32.75,3.21,7.61
2021-02-15 17:49:38,79.35,32.83,3.31,7.61
2021-02-15 17:53:38,79.38,32.63,3.28,7.13
2021-02-15 17:57:38,79.33,32.87,3.33,7.17
2021-02-15 18:01:38,79.24,33.12,3.63,7.56
2021-02-15 18:05:38,79.38,32.71,3.19,6.79
2021-02-15 18:09:38,79.17,32.94,2.82,7.30
2021-02-15 18:13:38,78.92,32.83,3.24,7.54
2021-02-15 18:17:38,79.37,32.44,3.16,5.49
2021-02-15 18:21:38,78.91,32.60,2.86,5.54
2021-02-15 18:25:38,78.98,32.81,2.99,6.43
2021-02-15 18:29:38,79.37,32.44,3.14,4.97
2021-02-15 18:33:38,78.92,33.01,3.16,6.41
2021-02-15 18:37:38,79.42,32.21,2.94,4.57
2021-02-15 18:41:38,79.31,32.42,3.14,4.71
2021-02-15 18:45:38,78.71,33.15,3.14,5.94
2021-02-15 18:49:38,79.11,33.27,8.07,3.95
2021-02-15 18:53:38,79.03,33.55,11.36,2.73
2021-02-15 18:57:38,79.13,33.14,7.81,3.08
2021-02-15 19:01:38,79.01,33.25,9.81,2.62
2021-02-15 19:05:38,78.97,33.25,9.26,2.39
2021-02-15 19:09:38,79.00,33.17,7.76,2.51
2021-02-15 19:13:38,79.15,32.68,7.81,2.48
2021-02-15 19:17:38,79.10,32.94,6.31,2.69
2021-02-15 19:21:38,79.11,32.93,6.29,2.51
2021-02-15 19:25:38,79.06,33.17,5.37,3.15
2021-02-15 19:29:38,79.05,33.36,5.68,3.06
2021-02-15 19:33:38,79.17,32.75,3.04,2.58
2021-02-15 19:37:38,79.11,33.07,3.92,2.95
2021-02-15 19:41:38,79.15,32.78,3.59,2.75
2021-02-15 19:45:38,79.12,33.12,4.78,2.85
2021-02-15 19:49:38,79.18,32.72,2.82,2.92
2021-02-15 19:53:38,79.16,32.91,3.80,2.67
2021-02-15 19:57:38,79.16,32.99,4.18,2.58
2021-02-15 20:01:38,79.14,33.12,4.21,2.71
2021-02-15 20:05:38,79.21,32.42,3.61,2.56
2021-02-15 20:09:38,79.12,33.24,3.04,2.67
2021-02-15 20:13:38,79.13,33.12,3.42,2.77
2021-02-15 20:17:38,79.13,32.93,2.96,2.57
2021-02-15 20:21:38,79.13,32.65,2.82,2.90
2021-02-15 20:25:38,79.09,33.16,2.99,2.76
2021-02-15 20:29:38,79.05,33.30,2.92,2.71
2021-02-15 20:33:38,79.04,33.05,3.09,2.61
2021-02-15 20:37:38,79.05,33.09,2.74,2.57
2021-02-15 20:41:38,78.96,33.36,3.61,3.08
2021-02-15 20:45:38,78.98,32.62,2.99,2.66
2021-02-15 20:49:38,78.98,33.00,3.28,2.83
2021-02-15 20:53:38,78.97,33.15,3.16,2.71
2021-02-15 20:57:38,78.96,33.06,3.01,2.76
2021-02-15 21:01:38,78.94,33.19,3.09,2.76
2021-02-15 21:05:38,79.02,32.64,2.82,2.49
2021-02-15 21:09:38,78.84,32.91,2.92,2.46
2021-02-15 21:13:38,79.15,32.74,2.72,2.28
2021-02-15 21:17:38,78.97,32.98,3.06,2.29
2021-02-15 21:21:38,79.10,32.82,2.77,2.30
2021-02-15 21:25:38,79.08,32.74,2.50,2.17
2021-02-15 21:29:38,79.02,32.77,2.21,1.95
2021-02-15 21:33:38,78.98,33.28,2.67,2.32
2021-02-15 21:37:38,78.99,33.30,2.92,2.44
2021-02-15 21:41:38,78.99,32.93,2.82,2.47
2021-02-15 21:45:38,78.96,32.99,2.48,2.15
2021-02-15 21:49:38,78.95,32.74,2.62,2.25
2021-02-15 21:53:38,78.94,32.72,2.57,2.14
2021-02-15 21:57:38,78.94,33.25,2.65,2.24
2021-02-15 22:01:38,78.93,33.28,6.85,2.42
2021-02-15 22:05:38,78.94,33.21,7.79,2.40
2021-02-15 22:09:38,78.97,33.12,5.99,2.33
2021-02-15 22:13:38,79.02,32.81,6.39,2.22
2021-02-15 22:17:38,79.04,32.87,5.32,2.32
2021-02-15 22:21:38,78.92,33.49,5.34,2.36
2021-02-15 22:25:38,78.95,33.18,5.10,2.22
2021-02-15 22:29:38,79.01,32.75,3.57,1.96
2021-02-15 22:33:38,79.05,33.02,4.30,2.19
2021-02-15 22:37:38,79.11,32.84,4.68,2.22
2021-02-15 22:41:38,79.02,32.86,4.16,2.13
2021-02-15 22:45:38,79.15,32.71,4.39,1.78
2021-02-15 22:49:38,79.10,32.76,4.09,1.89
2021-02-15 22:53:38,78.99,33.28,4.70,2.10
2021-02-15 22:57:38,79.08,32.79,3.90,1.94
2021-02-15 23:01:38,79.07,32.78,4.09,2.06
2021-02-15 23:05:38,79.05,33.17,4.54,2.32
2021-02-15 23:09:38,79.05,33.03,3.56,2.08
2021-02-15 23:13:38,79.06,32.91,3.01,1.89
2021-02-15 23:17:38,79.04,33.17,3.54,2.15
2021-02-15 23:21:38,79.03,32.98,3.09,2.03
2021-02-15 23:25:38,79.00,32.62,4.30,1.65
2021-02-15 23:29:38,79.03,33.04,3.19,2.02
2021-02-15 23:33:38,78.98,33.14,2.91,1.94
2021-02-15 23:37:38,78.94,33.43,3.06,2.03
2021-02-15 23:41:38,78.99,32.93,2.45,1.70
2021-02-15 23:45:38,78.99,32.99,3.43,2.04
2021-02-15 23:49:38,78.91,33.38,3.64,2.20
2021-02-15 23:53:38,78.95,32.44,2.45,1.60
2021-02-15 23:57:38,78.97,33.28,2.84,1.88
2021-02-16 00:01:38,78.97,33.29,3.09,1.91
2021-02-16 00:05:38,78.96,32.91,2.67,1.75
2021-02-16 00:09:38,78.88,33.52,4.25,1.89
2021-02-16 00:13:38,78.94,33.02,3.34,2.06
2021-02-16 00:17:38,78.94,32.94,3.01,1.98
2021-02-16 00:21:38,78.94,33.04,2.87,1.78
2021-02-16 00:25:38,78.95,33.32,3.14,1.95
2021-02-16 00:29:38,78.93,33.22,3.73,2.31
2021-02-16 00:33:38,78.98,32.76,3.04,1.63
2021-02-16 00:37:38,78.97,33.11,3.11,1.91
2021-02-16 00:41:38,78.96,32.96,3.33,1.97
2021-02-16 00:45:38,78.94,33.02,3.18,1.81
2021-02-16 00:49:38,78.84,33.72,4.52,2.44
2021-02-16 00:53:38,78.93,32.63,3.14,1.79
2021-02-16 00:57:38,78.94,33.08,3.52,2.16
2021-02-16 01:01:38,78.92,33.13,3.29,1.93
2021-02-16 01:05:38,78.92,32.83,3.16,1.82
2021-02-16 01:09:38,78.92,32.99,3.40,2.03
2021-02-16 01:13:38,78.91,33.09,3.73,2.15
2021-02-16 01:17:38,78.84,33.41,3.16,1.94
2021-02-16 01:21:38,78.86,33.22,3.68,2.15
2021-02-16 01:25:38,78.86,33.09,3.38,2.17
2021-02-16 01:29:38,78.83,33.24,3.49,2.21
2021-02-16 01:33:38,78.84,33.14,3.70,2.01
2021-02-16 01:37:38,78.83,33.20,3.04,2.03
2021-02-16 01:41:38,78.83,33.23,3.28,2.26
2021-02-16 01:45:38,78.80,32.93,2.50,1.82
2021-02-16 01:49:38,78.78,33.48,3.24,2.27
2021-02-16 01:53:38,78.79,33.40,3.78,2.77
2021-02-16 01:57:38,78.79,33.06,3.52,2.38
2021-02-16 02:01:38,78.78,33.39,3.57,2.43
2021-02-16 02:05:38,78.76,33.47,2.81,2.06
2021-02-16 02:09:38,78.81,33.14,3.16,2.32
2021-02-16 02:13:38,78.80,33.19,2.87,2.11
2021-02-16 02:17:38,78.83,33.23,2.84,2.05
2021-02-16 02:21:38,78.77,33.40,8.90,2.38
2021-02-16 02:25:38,78.80,33.43,3.54,2.11
2021-02-16 02:29:38,78.77,33.66,3.42,2.02
2021-02-16 02:33:38,78.84,33.28,3.45,2.08
2021-02-16 02:37:38,78.80,33.08,3.31,2.28
2021-02-16 02:41:38,78.75,33.37,3.68,2.28
2021-02-16 02:45:38,78.77,33.13,3.39,2.14
2021-02-16 02:49:38,78.77,33.24,3.19,2.04
2021-02-16 02:53:38,78.69,33.51,3.57,2.22
2021-02-16 02:57:38,78.76,33.23,3.33,2.30
2021-02-16 03:01:38,78.71,33.40,3.42,2.14
2021-02-16 03:05:38,78.75,33.32,3.61,2.16
2021-02-16 03:09:38,78.74,33.17,3.21,2.03
2021-02-16 03:13:38,78.73,33.38,3.44,2.08
2021-02-16 03:17:38,78.72,33.59,3.61,1.99
2021-02-16 03:21:38,78.76,33.28,3.47,1.99
2021-02-16 03:25:38,78.68,33.00,2.92,1.89
2021-02-16 03:29:38,78.70,33.47,3.02,1.99
2021-02-16 03:33:38,78.68,33.50,3.78,2.21
2021-02-16 03:37:38,78.67,33.03,3.38,2.20
2021-02-16 03:41:38,78.67,33.45,3.35,2.20
2021-02-16 03:45:38,78.63,33.56,3.61,2.23
2021-02-16 03:49:38,78.68,33.10,3.33,2.16
2021-02-16 03:53:38,78.44,33.73,3.21,1.29
2021-02-16 03:57:38,78.74,33.04,3.61,1.93
2021-02-16 04:01:38,78.62,33.41,3.21,1.76
2021-02-16 04:05:38,78.57,33.57,3.45,1.77
2021-02-16 04:09:38,78.65,33.33,3.29,1.85
2021-02-16 04:13:38,78.64,33.43,3.42,1.75
2021-02-16 04:17:38,78.61,33.42,3.31,1.76
2021-02-16 04:21:38,78.66,33.36,3.19,1.76
2021-02-16 04:25:38,78.70,33.17,3.09,1.71
2021-02-16 04:29:38,78.56,33.71,3.94,2.21
2021-02-16 04:33:38,78.63,33.02,2.87,1.94
2021-02-16 04:37:38,78.61,33.19,3.04,2.02
2021-02-16 04:41:38,78.71,33.28,3.29,2.04
2021-02-16 04:45:38,78.57,32.99,3.44,2.28
2021-02-16 04:49:38,78.65,33.38,3.40,2.24
2021-02-16 04:53:38,78.59,33.40,3.31,2.09
2021-02-16 04:57:38,78.63,33.29,3.16,2.17
2021-02-16 05:01:38,78.61,33.21,3.29,2.19
2021-02-16 05:05:38,78.48,33.61,3.49,2.14
2021-02-16 05:09:38,78.55,33.49,3.52,1.85
2021-02-16 05:13:38,78.54,33.26,3.21,2.09
2021-02-16 05:17:38,78.49,33.69,3.40,2.33
2021-02-16 05:21:38,78.58,33.31,3.40,2.46
2021-02-16 05:25:38,78.56,33.53,3.11,2.38
2021-02-16 05:29:38,78.60,33.20,2.97,2.34
2021-02-16 05:33:38,78.60,33.49,2.60,2.37
2021-02-16 05:37:38,78.63,33.72,4.52,3.17
2021-02-16 05:41:38,78.56,33.16,3.24,2.40
2021-02-16 05:45:38,78.59,33.53,3.31,2.49
2021-02-16 05:49:38,78.56,33.44,3.73,2.58
2021-02-16 05:53:38,78.57,33.51,3.49,2.55
2021-02-16 05:57:38,78.56,33.51,3.99,2.69
2021-02-16 06:01:38,78.58,33.34,3.16,2.51
2021-02-16 06:05:38,78.56,33.47,3.21,2.49
2021-02-16 06:09:38,78.60,33.23,2.77,2.39
2021-02-16 06:13:38,78.63,33.35,2.75,2.45
2021-02-16 06:17:38,78.64,32.86,2.62,2.03
2021-02-16 06:21:38,78.65,33.39,2.92,2.49
2021-02-16 06:25:38,78.35,33.95,4.51,3.07
2021-02-16 06:29:38,78.57,33.34,3.29,2.60
2021-02-16 06:33:38,78.53,33.32,3.16,2.47
2021-02-16 06:37:38,78.44,33.54,5.48,1.67
2021-02-16 06:41:38,78.00,33.73,8.26,1.30
2021-02-16 06:45:38,77.98,32.99,6.09,1.46
2021-02-16 06:49:38,78.31,33.22,4.68,1.48
2021-02-16 06:53:38,77.99,33.55,5.89,1.37
2021-02-16 06:57:38,77.99,33.49,6.42,1.57
2021-02-16 07:01:38,77.94,32.90,4.96,1.67
2021-02-16 07:05:38,77.99,33.26,6.54,1.75
2021-02-16 07:09:38,78.10,33.56,5.63,1.73
2021-02-16 07:13:38,78.09,33.09,4.52,1.84
2021-02-16 07:17:38,78.16,33.46,4.96,1.95
2021-02-16 07:21:38,78.18,33.40,3.85,2.14
2021-02-16 07:25:38,78.36,33.57,3.66,2.33
2021-02-16 07:29:38,78.49,33.74,4.09,2.57
2021-02-16 07:33:38,78.46,33.46,3.56,2.55
2021-02-16 07:37:38,78.44,33.35,3.40,2.70
2021-02-16 07:41:38,78.45,33.58,3.99,2.86
2021-02-16 07:45:38,78.45,33.41,4.23,2.87
2021-02-16 07:49:38,78.44,32.98,3.59,2.71
2021-02-16 07:53:38,78.16,33.61,4.66,2.15
2021-02-16 07:57:38,78.55,33.17,2.99,2.56
2021-02-16 08:01:38,78.40,33.33,3.09,2.49
2021-02-16 08:05:38,78.61,33.23,2.77,2.60
2021-02-16 08:09:38,78.67,33.28,2.87,2.64
2021-02-16 08:13:38,78.60,33.46,3.16,2.62
2021-02-16 08:17:38,78.39,33.58,3.66,2.47
2021-02-16 08:21:38,78.52,33.48,3.64,2.69
2021-02-16 08:25:38,78.59,33.38,3.14,2.93
2021-02-16 08:29:38,78.49,33.58,3.66,3.14
2021-02-16 08:33:38,78.57,33.61,3.76,2.93
2021-02-16 08:37:38,78.43,33.50,3.71,2.75
2021-02-16 08:41:38,78.45,33.28,3.80,2.97
2021-02-16 08:45:38,78.45,33.01,2.99,3.01
2021-02-16 08:49:38,78.48,33.24,2.97,3.23
2021-02-16 08:53:38,78.40,32.79,3.06,2.99
2021-02-16 08:57:38,78.56,33.07,3.37,3.02
2021-02-16 09:01:38,78.51,32.96,3.17,2.79
2021-02-16 09:05:38,78.45,32.90,4.84,2.27
2021-02-16 09:09:38,78.68,33.53,4.99,3.26
2021-02-16 09:13:38,78.58,33.02,5.63,2.02
2021-02-16 09:17:38,78.62,32.83,6.62,2.74
2021-02-16 09:21:38,78.68,33.47,5.80,2.57
2021-02-16 09:25:38,78.70,33.59,4.16,3.83
2021-02-16 09:29:38,79.38,29.32,3.85,2.22
2021-02-16 09:33:38,78.56,32.93,4.14,3.14
2021-02-16 09:37:38,78.61,33.00,5.36,2.22
2021-02-16 09:41:38,78.64,33.36,4.88,2.37
2021-02-16 09:45:38,78.63,32.98,4.58,2.38
2021-02-16 09:49:38,78.66,32.51,3.92,2.63
2021-02-16 09:53:38,78.91,32.55,4.40,2.60
2021-02-16 09:57:38,78.80,32.77,4.82,2.64
2021-02-16 10:01:38,78.81,32.74,4.49,2.67
2021-02-16 10:05:38,78.72,32.83,4.70,2.92
2021-02-16 10:09:38,79.03,32.52,4.04,2.97
2021-02-16 10:13:38,78.77,32.98,3.92,2.98
2021-02-16 10:17:38,78.83,32.90,8.44,2.61
2021-02-16 10:21:38,79.19,31.83,7.42,2.63
2021-02-16 10:25:38,78.90,32.57,7.95,2.51
2021-02-16 10:29:38,78.86,32.76,8.67,2.81
2021-02-16 10:33:38,78.77,33.00,7.91,2.80
2021-02-16 10:37:38,79.02,32.40,6.47,2.17
2021-02-16 10:41:38,79.00,32.49,7.67,2.41
2021-02-16 10:45:38,79.11,32.55,5.36,2.28
2021-02-16 10:49:38,78.73,33.24,5.44,2.63
2021-02-16 10:53:38,78.93,33.01,4.93,2.22
2021-02-16 10:57:38,79.03,32.83,5.05,2.28
2021-02-16 11:01:38,79.01,33.06,4.84,2.63
2021-02-16 11:05:38,78.93,32.95,5.08,2.69
2021-02-16 11:09:38,79.10,32.41,3.85,1.70
2021-02-16 11:13:38,79.54,31.25,4.18,2.21
2021-02-16 11:17:38,79.01,32.74,4.18,2.60
2021-02-16 11:21:38,78.88,33.14,4.44,2.56
2021-02-16 11:25:38,79.66,31.81,3.96,2.66
2021-02-16 11:29:38,78.93,33.31,3.94,3.00
2021-02-16 11:33:38,78.95,33.28,4.11,3.24
2021-02-16 11:37:38,79.20,32.50,4.18,3.16
2021-02-16 11:41:38,79.58,32.29,4.37,3.72
2021-02-16 11:45:38,79.11,33.00,3.99,3.32
2021-02-16 11:49:38,79.11,33.01,4.16,3.40
2021-02-16 11:53:38,79.14,32.95,4.11,3.28
2021-02-16 11:57:38,79.12,33.05,4.25,3.57
2021-02-16 12:01:38,78.96,33.22,4.37,3.31
2021-02-16 12:05:38,79.00,33.01,4.30,2.90
2021-02-16 12:09:38,79.10,32.97,4.42,2.97
2021-02-16 12:13:38,79.36,33.25,4.16,3.15
2021-02-16 12:17:38,79.25,33.33,4.54,2.96
2021-02-16 12:21:38,79.30,33.15,4.44,2.90
2021-02-16 12:25:38,79.23,33.36,4.23,3.37
2021-02-16 12:29:38,79.34,33.32,4.37,3.20
2021-02-16 12:33:38,79.15,33.20,4.33,3.03
2021-02-16 12:37:38,79.15,33.32,4.37,2.87
2021-02-16 12:41:38,79.14,33.23,4.72,3.23
2021-02-16 12:45:38,79.09,33.24,3.06,1.93
2021-02-16 12:49:38,79.37,32.31,3.80,1.87
2021-02-16 12:53:38,79.09,33.10,4.35,2.41
2021-02-16 12:57:38,79.10,33.31,4.18,3.19
2021-02-16 13:01:38,79.24,32.76,3.80,2.05
2021-02-16 13:05:38,79.06,33.13,3.78,2.45
2021-02-16 13:09:38,79.08,33.24,4.35,3.18
2021-02-16 13:13:38,79.37,32.58,3.99,2.72
2021-02-16 13:17:38,79.12,33.10,3.68,2.44
2021-02-16 13:21:38,79.31,32.77,3.78,2.74
2021-02-16 13:25:38,79.42,32.63,4.01,2.69
2021-02-16 13:29:38,79.31,33.34,4.37,3.60
2021-02-16 13:33:38,79.00,33.38,5.39,3.57
2021-02-16 13:37:38,79.09,33.29,4.98,3.71
2021-02-16 13:41:38,79.21,33.00,5.70,3.05
2021-02-16 13:45:38,79.22,32.98,7.74,2.71
2021-02-16 13:49:38,79.14,33.05,7.05,2.77
2021-02-16 13:53:38,79.23,32.91,4.73,2.68
2021-02-16 13:57:38,79.19,32.88,4.08,2.21
2021-02-16 14:01:38,79.00,33.14,6.16,2.69
2021-02-16 14:05:38,79.25,32.84,4.28,2.31
2021-02-16 14:09:38,79.19,32.98,5.95,2.75
2021-02-16 14:13:38,79.28,32.81,5.22,2.60
2021-02-16 14:17:38,79.06,33.11,5.85,3.10
2021-02-16 14:21:38,79.44,32.81,4.77,2.63
2021-02-16 14:25:38,79.46,32.80,5.27,2.50
2021-02-16 14:29:38,79.12,33.20,4.80,2.60
2021-02-16 14:33:38,79.50,32.64,4.30,2.67
2021-02-16 14:37:38,79.15,33.14,5.34,3.15
2021-02-16 14:41:38,79.53,32.77,5.46,2.89
2021-02-16 14:45:38,79.48,32.74,4.83,2.92
2021-02-16 14:49:38,79.58,32.57,4.06,2.87
2021-02-16 14:53:38,79.51,32.52,3.26,2.65
2021-02-16 14:57:38,79.50,32.65,3.68,2.74
2021-02-16 15:01:38,79.50,32.62,3.88,3.08
2021-02-16 15:05:38,79.23,33.18,4.09,2.86
2021-02-16 15:09:38,79.44,32.92,5.55,3.15
2021-02-16 15:13:38,79.47,32.83,4.32,3.25
2021-02-16 15:17:38,79.47,32.86,4.86,3.62
2021-02-16 15:21:38,79.46,32.91,4.68,3.69
2021-02-16 15:25:38,79.42,32.94,5.17,3.77
2021-02-16 15:29:38,79.53,32.72,4.49,3.46
2021-02-16 15:33:38,79.48,32.86,4.09,3.36
2021-02-16 15:37:38,79.43,33.01,4.26,3.97
2021-02-16 15:41:38,79.56,32.74,3.99,3.89
2021-02-16 15:45:38,79.46,32.87,3.49,3.89
2021-02-16 15:49:38,79.45,32.75,2.99,3.23
2021-02-16 15:53:38,79.55,32.99,3.33,3.57
2021-02-16 15:57:38,79.56,32.99,3.56,4.67
2021-02-16 16:01:38,79.58,32.46,3.19,3.81
2021-02-16 16:05:38,79.53,32.85,3.31,2.95
2021-02-16 16:09:38,79.42,33.24,3.71,5.07
2021-02-16 16:13:38,79.51,33.13,3.54,5.07
2021-02-16 16:17:38,79.31,33.22,3.85,4.91
2021-02-16 16:21:38,79.39,33.25,4.01,5.23
2021-02-16 16:25:38,79.40,33.26,3.80,4.95
2021-02-16 16:29:38,79.42,33.22,3.63,4.83
2021-02-16 16:33:38,79.51,33.02,3.24,3.58
2021-02-16 16:37:38,79.26,33.11,11.65,2.42
2021-02-16 16:41:38,79.20,33.19,8.38,2.58
2021-02-16 16:45:38,79.12,33.27,10.76,2.56
2021-02-16 16:49:38,79.23,33.20,7.42,2.69
2021-02-16 16:53:38,79.32,33.07,8.02,2.43
2021-02-16 16:57:38,79.10,33.41,8.87,2.50
2021-02-16 17:01:38,79.22,33.21,6.19,2.61
2021-02-16 17:05:38,79.53,32.80,5.29,2.61
2021-02-16 17:09:38,79.03,33.55,5.87,2.85
2021-02-16 17:13:38,78.81,33.72,7.74,3.23
2021-02-16 17:17:38,79.33,33.11,4.80,2.84
2021-02-16 17:21:38,79.58,32.88,4.75,2.56
2021-02-16 17:25:38,79.00,33.59,4.98,2.61
2021-02-16 17:29:38,79.32,33.14,4.47,2.51
2021-02-16 17:33:38,79.46,32.89,4.25,2.43
2021-02-16 17:37:38,79.31,33.16,5.01,2.54
2021-02-16 17:41:38,79.66,32.69,4.28,2.36
2021-02-16 17:45:38,79.43,33.01,4.35,2.43
2021-02-16 17:49:38,78.99,33.57,4.73,2.55
2021-02-16 17:53:38,79.74,32.56,4.02,2.33
2021-02-16 17:57:38,79.64,32.79,3.92,2.37
2021-02-16 18:01:38,79.44,33.02,4.25,2.58
2021-02-16 18:05:38,79.17,33.29,4.68,2.64
2021-02-16 18:09:38,79.21,33.23,4.95,2.88
2021-02-16 18:13:38,79.30,33.08,4.28,2.45
2021-02-16 18:17:38,79.22,33.23,4.28,2.36
2021-02-16 18:21:38,79.32,33.07,4.42,2.30
2021-02-16 18:25:38,79.36,33.02,4.75,2.52
2021-02-16 18:29:38,79.39,33.00,4.04,2.26
2021-02-16 18:33:38,79.41,32.96,4.32,2.48
2021-02-16 18:37:38,79.34,33.08,3.75,2.26
2021-02-16 18:41:38,79.45,32.86,4.28,2.44
2021-02-16 18:45:38,79.37,33.02,3.99,2.23
2021-02-16 18:49:38,79.29,33.20,4.11,2.38
2021-02-16 18:53:38,79.23,33.28,4.49,2.43
2021-02-16 18:57:38,79.34,33.03,3.97,2.37
2021-02-16 19:01:38,79.21,33.30,3.73,2.36
2021-02-16 19:05:38,79.28,33.15,4.11,2.36
2021-02-16 19:09:38,79.29,33.14,3.54,2.05
2021-02-16 19:13:38,79.34,33.16,3.80,2.06
2021-02-16 19:17:38,79.55,32.61,3.45,1.95
2021-02-16 19:21:38,79.29,33.37,4.16,2.47
2021-02-16 19:25:38,79.31,33.25,4.25,2.59
2021-02-16 19:29:38,79.21,33.18,3.66,2.16
2021-02-16 19:33:38,78.91,33.51,8.33,2.10
2021-02-16 19:37:38,79.15,33.07,5.15,2.25
2021-02-16 19:41:38,79.10,33.22,6.16,2.14
2021-02-16 19:45:38,79.14,33.18,5.54,1.91
2021-02-16 19:49:38,79.23,33.11,4.56,1.90
2021-02-16 19:53:38,79.26,33.13,5.17,2.09
2021-02-16 19:57:38,79.26,33.14,4.11,1.90
2021-02-16 20:01:38,79.25,33.11,4.35,1.76
2021-02-16 20:05:38,79.20,33.18,4.56,1.99
2021-02-16 20:09:38,79.20,33.21,5.66,1.98
2021-02-16 20:13:38,79.21,33.22,4.95,1.73
2021-02-16 20:17:38,79.18,33.27,4.84,1.92
2021-02-16 20:21:38,79.15,33.32,4.93,1.81
2021-02-16 20:25:38,79.18,33.26,4.37,1.79
2021-02-16 20:29:38,79.11,33.44,4.37,1.75
2021-02-16 20:33:38,79.28,33.01,4.21,1.77
2021-02-16 20:37:38,79.22,33.15,3.64,1.99
2021-02-16 20:41:38,79.12,33.39,4.13,1.94
2021-02-16 20:45:38,79.08,33.47,4.63,1.77
2021-02-16 20:49:38,79.09,33.44,3.80,1.72
2021-02-16 20:53:38,79.15,33.30,3.92,1.87
2021-02-16 20:57:38,79.09,33.42,4.30,1.65
2021-02-16 21:01:38,79.11,33.40,3.97,1.73
2021-02-16 21:05:38,79.21,33.16,3.26,2.11
2021-02-16 21:09:38,79.11,33.41,3.01,2.10
2021-02-16 21:13:38,79.07,33.51,3.26,2.09
2021-02-16 21:17:38,79.16,33.29,3.19,1.98
2021-02-16 21:21:38,79.17,33.24,3.04,2.05
2021-02-16 21:25:38,79.16,33.25,2.92,2.14
2021-02-16 21:29:38,79.18,33.17,3.24,2.07
2021-02-16 21:33:38,79.01,33.59,3.83,1.79
2021-02-16 21:37:38,79.08,33.43,3.99,1.79
2021-02-16 21:41:38,79.25,32.80,2.55,1.97
2021-02-16 21:45:38,79.05,33.48,2.97,1.94
2021-02-16 21:49:38,79.08,33.40,3.16,1.83
2021-02-16 21:53:38,79.26,32.78,2.82,2.09
2021-02-16 21:57:38,79.19,33.07,2.96,2.20
2021-02-16 22:01:38,79.21,32.99,2.95,2.03
2021-02-16 22:05:38,79.14,33.18,2.67,2.04
2021-02-16 22:09:38,79.13,33.22,2.67,2.05
2021-02-16 22:13:38,79.17,33.06,3.24,2.05
2021-02-16 22:17:38,79.12,33.31,2.82,2.22
2021-02-16 22:21:38,79.13,33.23,2.65,2.08
2021-02-16 22:25:38,79.09,33.39,2.97,2.14
2021-02-16 22:29:38,79.12,33.27,3.21,2.14
2021-02-16 22:33:38,79.10,33.35,3.09,2.19
2021-02-16 22:37:38,79.10,33.28,2.40,1.93
2021-02-16 22:41:38,79.07,33.43,3.26,1.84
2021-02-16 22:45:38,79.12,33.17,2.74,1.96
2021-02-16 22:49:38,79.11,33.21,2.79,1.95
2021-02-16 22:53:38,79.07,33.40,2.99,2.16
2021-02-16 22:57:38,79.19,33.15,3.04,2.09
2021-02-16 23:01:38,79.19,33.30,2.99,2.02
2021-02-16 23:05:38,79.12,33.52,3.33,2.47
2021-02-16 23:09:38,79.18,33.45,3.59,2.62
2021-02-16 23:13:38,79.17,33.43,2.65,1.82
2021-02-16 23:17:38,79.13,33.30,2.92,2.03
2021-02-16 23:21:38,79.12,33.43,2.87,1.99
2021-02-16 23:25:38,79.09,33.55,2.82,1.97
2021-02-16 23:29:38,79.17,32.84,2.70,1.79
2021-02-16 23:33:38,79.12,33.36,2.72,1.97
2021-02-16 23:37:38,79.07,33.54,3.52,2.27
2021-02-16 23:41:38,79.14,33.17,2.60,1.89
2021-02-16 23:45:38,79.10,33.38,2.62,1.89
2021-02-16 23:49:38,79.04,33.54,2.89,1.91
2021-02-16 23:53:38,79.14,33.31,2.52,1.90
2021-02-16 23:57:38,79.10,33.39,2.82,1.94
2021-02-17 00:01:38,79.13,33.07,2.52,1.77
2021-02-17 00:05:38,79.07,33.22,2.97,1.75
2021-02-17 00:09:38,79.13,33.17,2.72,1.95
2021-02-17 00:13:38,79.13,32.98,2.89,2.02
2021-02-17 00:17:38,79.13,33.33,3.19,2.08
2021-02-17 00:21:38,79.12,32.88,2.45,1.77
2021-02-17 00:25:38,79.10,33.58,2.40,1.82
2021-02-17 00:29:38,79.09,33.31,2.57,1.90
2021-02-17 00:33:38,79.10,33.04,2.67,1.84
2021-02-17 00:37:38,79.04,33.59,2.99,2.01
2021-02-17 00:41:38,79.13,32.93,2.77,2.03
2021-02-17 00:45:38,79.10,33.18,3.06,1.99
2021-02-17 00:49:38,79.10,33.30,2.84,2.13
2021-02-17 00:53:38,79.11,33.03,2.77,2.08
2021-02-17 00:57:38,79.07,33.39,2.97,2.02
2021-02-17 01:01:38,79.11,33.25,2.77,2.00
2021-02-17 01:05:38,79.02,33.48,3.14,1.96
2021-02-17 01:09:38,79.09,33.05,2.87,2.00
2021-02-17 01:13:38,79.00,33.47,3.01,1.98
2021-02-17 01:17:38,79.01,33.37,3.31,1.90
2021-02-17 01:21:38,79.08,32.94,2.72,1.72
2021-02-17 01:25:38,78.95,33.55,3.04,1.83
2021-02-17 01:29:38,79.01,33.31,3.02,1.84
2021-02-17 01:33:38,79.01,33.27,2.99,1.86
2021-02-17 01:37:38,79.03,33.20,3.09,1.87
2021-02-17 01:41:38,79.04,33.32,3.21,1.99
2021-02-17 01:45:38,78.96,33.51,3.39,2.04
2021-02-17 01:49:38,79.04,33.24,2.91,1.94
2021-02-17 01:53:38,79.01,33.45,3.24,2.08
2021-02-17 01:57:38,79.00,33.45,3.04,1.97
2021-02-17 02:01:38,78.99,33.46,2.82,1.92
2021-02-17 02:05:38,78.98,33.41,2.90,1.97
2021-02-17 02:09:38,78.88,33.69,3.49,2.04
2021-02-17 02:13:38,79.03,33.10,2.70,1.75
2021-02-17 02:17:38,78.98,33.41,3.00,1.80
2021-02-17 02:21:38,78.93,33.55,3.31,1.88
2021-02-17 02:25:38,78.95,33.33,2.95,1.72
2021-02-17 02:29:38,78.93,33.40,2.52,1.64
2021-02-17 02:33:38,78.90,33.52,3.24,2.06
2021-02-17 02:37:38,78.91,33.55,3.37,1.98
2021-02-17 02:41:38,78.92,33.39,3.24,1.93
2021-02-17 02:45:38,78.91,33.47,3.29,1.89
2021-02-17 02:49:38,78.91,33.45,3.26,1.89
2021-02-17 02:53:38,78.89,33.45,3.21,2.04
2021-02-17 02:57:38,78.91,33.34,2.99,1.85
2021-02-17 03:01:38,78.86,33.63,3.47,2.11
2021-02-17 03:05:38,78.83,33.68,3.29,2.00
2021-02-17 03:09:38,78.88,33.41,3.21,1.83
2021-02-17 03:13:38,78.86,33.44,3.21,2.05
2021-02-17 03:17:38,78.86,33.52,3.39,2.19
2021-02-17 03:21:38,78.86,33.44,3.11,1.98
2021-02-17 03:25:38,78.88,33.44,3.35,2.06
2021-02-17 03:29:38,78.96,33.01,2.80,1.94
2021-02-17 03:33:38,78.86,33.46,2.94,1.91
2021-02-17 03:37:38,78.79,33.73,3.40,2.23
2021-02-17 03:41:38,78.91,33.33,2.97,1.98
2021-02-17 03:45:38,78.88,33.43,3.11,1.95
2021-02-17 03:49:38,78.86,33.53,3.32,2.08
2021-02-17 03:53:38,78.84,33.59,3.23,1.97
2021-02-17 03:57:38,78.82,33.60,3.21,1.87
2021-02-17 04:01:38,78.82,33.61,3.16,1.89
2021-02-17 04:05:38,78.85,33.54,3.28,1.90
2021-02-17 04:09:38,78.84,33.51,3.04,1.87
2021-02-17 04:13:38,78.83,33.52,3.21,1.97
2021-02-17 04:17:38,78.84,33.52,3.31,1.94
2021-02-17 04:21:38,78.81,33.60,3.40,2.15
2021-02-17 04:25:38,78.86,33.46,3.17,1.87
2021-02-17 04:29:38,78.86,33.39,3.21,1.94
2021-02-17 04:33:38,78.87,33.51,3.35,1.98
2021-02-17 04:37:38,78.85,33.50,3.26,1.85
2021-02-17 04:41:38,78.78,33.62,3.14,1.95
2021-02-17 04:45:38,78.85,33.45,3.02,1.81
2021-02-17 04:49:38,78.86,33.42,3.16,1.91
2021-02-17 04:53:38,78.85,33.51,3.06,1.81
2021-02-17 04:57:38,78.73,33.70,3.29,1.98
2021-02-17 05:01:38,78.87,33.44,3.06,1.84
2021-02-17 05:05:38,78.86,33.38,2.89,1.75
2021-02-17 05:09:38,78.90,33.43,3.21,1.96
2021-02-17 05:13:38,78.78,33.77,3.35,2.03
2021-02-17 05:17:38,78.86,33.57,3.42,2.01
2021-02-17 05:21:38,78.92,33.48,3.26,2.00
2021-02-17 05:25:38,78.89,33.51,3.35,1.97
2021-02-17 05:29:38,78.82,33.77,3.61,2.06
2021-02-17 05:33:38,78.86,33.61,3.04,1.69
2021-02-17 05:37:38,78.87,33.58,3.40,2.10
2021-02-17 05:41:38,78.90,33.49,3.37,1.93
2021-02-17 05:45:38,78.82,33.66,3.54,1.97
2021-02-17 05:49:38,78.84,33.62,3.33,1.87
2021-02-17 05:53:38,78.88,33.47,3.29,1.92
2021-02-17 05:57:38,78.84,33.63,3.50,2.08
2021-02-17 06:01:38,78.85,33.59,3.37,2.03
2021-02-17 06:05:38,78.85,33.58,2.97,1.93
2021-02-17 06:09:38,78.84,33.63,3.66,2.17
2021-02-17 06:13:38,78.93,33.55,3.04,1.98
2021-02-17 06:17:38,78.88,33.64,3.16,2.04
2021-02-17 06:21:38,78.80,33.70,3.73,1.87
2021-02-17 06:25:38,78.53,32.80,6.66,1.52
2021-02-17 06:29:38,78.47,32.96,5.08,1.68
2021-02-17 06:33:38,78.03,33.60,5.20,1.35
2021-02-17 06:37:38,78.25,33.04,5.49,1.47
2021-02-17 06:41:38,78.60,33.61,4.21,1.57
2021-02-17 06:45:38,78.47,33.66,5.44,1.71
2021-02-17 06:49:38,78.30,33.53,6.33,1.53
2021-02-17 06:53:38,78.31,33.38,4.88,1.64
2021-02-17 06:57:38,78.35,33.66,5.53,1.70
2021-02-17 07:01:38,78.45,33.64,5.83,1.99
2021-02-17 07:05:38,78.55,33.61,5.39,1.83
2021-02-17 07:09:38,78.77,33.46,4.68,1.98
2021-02-17 07:13:38,78.85,33.62,3.95,2.09
2021-02-17 07:17:38,78.56,33.84,3.90,2.17
2021-02-17 07:21:38,78.73,33.70,4.16,2.20
2021-02-17 07:25:38,78.77,33.65,3.42,2.16
2021-02-17 07:29:38,78.67,33.80,3.83,2.20
2021-02-17 07:33:38,78.62,33.82,4.18,2.22
2021-02-17 07:37:38,78.82,33.30,2.87,2.10
2021-02-17 07:41:38,78.77,33.60,3.51,2.15
2021-02-17 07:45:38,78.87,33.59,3.49,2.23
2021-02-17 07:49:38,78.81,33.61,3.14,2.10
2021-02-17 07:53:38,78.76,33.65,2.99,2.17
2021-02-17 07:57:38,78.79,33.65,2.78,2.13
2021-02-17 08:01:38,78.81,33.51,3.47,2.21
2021-02-17 08:05:38,78.80,33.64,3.35,2.29
2021-02-17 08:09:38,78.71,33.85,3.76,2.29
2021-02-17 08:13:38,78.89,33.51,3.14,2.31
2021-02-17 08:17:38,78.94,33.42,2.50,2.37
2021-02-17 08:21:38,78.89,33.60,3.37,2.47
2021-02-17 08:25:38,78.95,33.48,3.02,2.36
2021-02-17 08:29:38,78.89,33.48,3.35,2.52
2021-02-17 08:33:38,78.91,33.52,3.21,2.62
2021-02-17 08:37:38,78.93,33.47,2.97,2.47
2021-02-17 08:41:38,78.89,33.63,3.14,2.67
2021-02-17 08:45:38,78.80,33.77,3.90,2.51
2021-02-17 08:49:38,78.85,32.79,2.47,2.19
2021-02-17 08:53:38,78.93,33.42,2.65,2.44
2021-02-17 08:57:38,78.90,33.63,3.35,2.68
2021-02-17 09:01:38,78.96,33.50,3.14,2.55
2021-02-17 09:05:38,78.93,33.68,2.82,2.55
2021-02-17 09:09:38,78.58,33.27,5.82,2.22
2021-02-17 09:13:38,78.15,32.86,8.48,1.48
2021-02-17 09:17:38,78.07,33.39,8.58,1.50
2021-02-17 09:21:38,78.17,33.17,8.19,1.60
2021-02-17 09:25:38,78.17,33.20,5.58,1.51
2021-02-17 09:29:38,78.25,32.94,5.05,1.65
2021-02-17 09:33:38,78.22,33.07,4.58,1.92
2021-02-17 09:37:38,78.34,33.04,3.87,1.93
2021-02-17 09:41:38,78.26,33.40,5.30,1.95
2021-02-17 09:45:38,78.37,33.21,3.94,1.94
2021-02-17 09:49:38,78.35,33.31,4.37,1.99
2021-02-17 09:53:38,78.27,33.32,4.32,1.77
2021-02-17 09:57:38,78.22,33.50,5.68,1.69
2021-02-17 10:01:38,78.27,33.39,5.53,1.76
2021-02-17 10:05:38,78.30,33.39,3.87,1.98
2021-02-17 10:09:38,78.34,33.37,3.11,1.92
2021-02-17 10:13:38,78.50,33.22,4.25,2.00
2021-02-17 10:17:38,78.40,33.37,3.52,2.03
2021-02-17 10:21:38,78.49,33.27,3.14,2.02
2021-02-17 10:25:38,78.44,33.43,3.14,2.04
2021-02-17 10:29:38,78.52,33.43,3.07,2.23
2021-02-17 10:33:38,78.72,33.34,3.04,2.26
2021-02-17 10:37:38,78.47,33.52,3.92,2.19
2021-02-17 10:41:38,78.64,33.45,3.31,2.39
2021-02-17 10:45:38,78.48,33.61,2.96,2.36
2021-02-17 10:49:38,78.51,33.63,3.19,2.22
2021-02-17 10:53:38,78.56,33.69,2.69,1.94
2021-02-17 10:57:38,78.97,33.30,2.89,1.94
2021-02-17 11:01:38,78.98,33.41,3.31,2.04
2021-02-17 11:05:38,78.93,33.25,2.96,2.13
2021-02-17 11:09:38,78.95,33.31,3.44,2.39
2021-02-17 11:13:38,78.97,33.06,2.91,1.79
2021-02-17 11:17:38,79.05,33.39,2.65,1.93
2021-02-17 11:21:38,78.97,33.26,3.09,2.52
2021-02-17 11:25:38,78.96,33.04,2.96,2.27
2021-02-17 11:29:38,78.74,33.19,3.85,2.63
2021-02-17 11:33:38,78.37,33.49,7.10,1.99
2021-02-17 11:37:38,78.77,32.74,3.76,1.89
2021-02-17 11:41:38,78.72,33.02,3.42,2.00
2021-02-17 11:45:38,78.54,33.25,4.82,2.10
2021-02-17 11:49:38,78.63,33.12,3.40,2.22
2021-02-17 11:53:38,78.69,33.13,4.35,2.33
2021-02-17 11:57:38,78.73,33.18,4.28,2.32
2021-02-17 12:01:38,78.71,33.31,4.04,2.63
2021-02-17 12:05:38,78.69,33.51,4.46,2.77
2021-02-17 12:09:38,78.75,33.44,4.47,2.73
2021-02-17 12:13:38,79.02,33.33,2.79,2.51
2021-02-17 12:17:38,78.62,33.72,3.21,2.73
2021-02-17 12:21:38,78.73,33.53,3.61,2.80
2021-02-17 12:25:38,78.82,33.12,4.21,2.62
2021-02-17 12:29:38,78.78,33.21,3.54,2.75
2021-02-17 12:33:38,78.65,33.57,3.49,2.48
2021-02-17 12:37:38,78.82,33.13,3.63,2.81
2021-02-17 12:41:38,78.82,33.12,3.76,3.08
2021-02-17 12:45:38,78.70,33.47,3.24,2.75
2021-02-17 12:49:38,78.76,33.41,3.35,2.88
2021-02-17 12:53:38,78.93,33.13,3.35,2.89
2021-02-17 12:57:38,78.86,33.28,3.26,3.04
2021-02-17 13:01:38,78.74,33.54,3.68,3.01
2021-02-17 13:05:38,79.01,33.14,3.42,3.18
2021-02-17 13:09:38,78.73,33.62,3.44,3.14
2021-02-17 13:13:38,78.92,33.36,3.83,3.23
2021-02-17 13:17:38,79.05,33.42,3.47,3.14
2021-02-17 13:21:38,78.96,33.37,3.40,2.79
2021-02-17 13:25:38,78.81,33.56,3.37,3.07
2021-02-17 13:29:38,79.06,33.05,3.35,3.01
2021-02-17 13:33:38,78.96,33.41,3.29,3.07
2021-02-17 13:37:38,78.87,33.55,3.59,3.29
2021-02-17 13:41:38,79.06,33.29,3.44,3.29
2021-02-17 13:45:38,79.02,33.31,3.59,3.40
2021-02-17 13:49:38,78.89,33.46,3.23,2.97
2021-02-17 13:53:38,78.85,33.48,3.42,3.31
2021-02-17 13:57:38,78.90,33.38,3.59,3.25
2021-02-17 14:01:38,79.07,33.08,2.94,2.52
2021-02-17 14:05:38,78.96,33.31,3.33,3.21
2021-02-17 14:09:38,78.91,33.44,3.59,3.38
2021-02-17 14:13:38,78.90,33.42,3.42,3.54
2021-02-17 14:17:38,78.85,33.52,3.56,3.44
2021-02-17 14:21:38,79.14,32.97,2.55,2.04
2021-02-17 14:25:38,78.93,33.39,2.82,2.96
2021-02-17 14:29:38,78.90,33.55,2.87,3.14
2021-02-17 14:33:38,78.91,33.27,3.83,3.61
2021-02-17 14:37:38,78.75,33.34,3.90,3.89
2021-02-17 14:41:38,78.32,33.70,13.49,2.33
2021-02-17 14:45:38,78.40,33.28,12.35,2.32
2021-02-17 14:49:38,78.20,33.71,13.39,1.95
2021-02-17 14:53:38,78.36,33.26,10.28,2.00
2021-02-17 14:57:38,78.53,33.36,9.46,2.71
2021-02-17 15:01:38,78.40,33.35,9.77,2.34
2021-02-17 15:05:38,78.49,32.93,5.43,1.92
2021-02-17 15:09:38,78.45,33.31,7.95,2.36
2021-02-17 15:13:38,78.28,33.57,7.13,2.58
2021-02-17 15:17:38,78.36,33.47,5.78,2.43
2021-02-17 15:21:38,78.55,33.13,5.70,2.98
2021-02-17 15:25:38,78.55,33.23,5.73,2.91
2021-02-17 15:29:38,78.45,33.45,6.29,3.23
2021-02-17 15:33:38,78.41,33.48,5.46,3.38
2021-02-17 15:37:38,78.66,33.24,3.66,2.44
2021-02-17 15:41:38,78.51,33.45,4.61,3.01
2021-02-17 15:45:38,78.46,33.39,5.03,3.10
2021-02-17 15:49:38,78.22,33.84,6.94,2.92
2021-02-17 15:53:38,78.57,33.17,4.44,2.88
2021-02-17 15:57:38,78.58,33.11,3.83,2.57
2021-02-17 16:01:38,78.39,33.60,5.10,3.32
2021-02-17 16:05:38,78.63,32.99,3.92,2.81
2021-02-17 16:09:38,78.61,33.23,4.78,3.44
2021-02-17 16:13:38,78.62,33.23,4.16,2.93
2021-02-17 16:17:38,78.68,32.99,3.59,2.96
2021-02-17 16:21:38,78.62,33.14,3.57,3.40
2021-02-17 16:25:38,78.79,33.01,3.68,3.34
2021-02-17 16:29:38,78.78,32.90,3.35,3.48
2021-02-17 16:33:38,78.63,33.28,3.94,3.28
2021-02-17 16:37:38,78.59,33.36,3.95,3.20
2021-02-17 16:41:38,78.50,33.48,4.14,3.40
2021-02-17 16:45:38,78.94,33.21,3.59,3.55
2021-02-17 16:49:38,78.63,33.37,3.88,3.10
2021-02-17 16:53:38,78.61,33.36,3.71,3.26
2021-02-17 16:57:38,78.68,33.25,4.14,3.59
2021-02-17 17:01:38,78.83,33.22,3.49,3.48
2021-02-17 17:05:38,78.71,33.38,3.63,3.44
2021-02-17 17:09:38,78.79,33.42,3.42,3.90
2021-02-17 17:13:38,79.03,33.20,3.06,2.94
2021-02-17 17:17:38,79.17,33.37,3.29,3.01
2021-02-17 17:21:38,78.53,33.52,4.37,2.93
2021-02-17 17:25:38,78.04,33.23,9.16,2.16
2021-02-17 17:29:38,77.95,33.14,8.31,2.02
2021-02-17 17:33:38,77.99,33.03,7.47,2.19
2021-02-17 17:37:38,77.88,33.39,11.00,2.09
2021-02-17 17:41:38,78.04,32.89,11.14,2.12
2021-02-17 17:45:38,77.91,33.45,8.24,2.16
2021-02-17 17:49:38,78.00,33.10,6.60,2.34
2021-02-17 17:53:38,77.97,33.21,6.66,2.40
2021-02-17 17:57:38,77.96,33.33,6.37,2.42
2021-02-17 18:01:38,77.99,33.26,5.63,2.15
2021-02-17 18:05:38,78.06,33.19,4.70,2.43
2021-02-17 18:09:38,78.00,33.34,4.77,2.46
2021-02-17 18:13:38,77.99,33.54,4.77,2.41
2021-02-17 18:17:38,78.13,33.48,4.11,2.51
2021-02-17 18:21:38,78.19,33.52,3.99,2.42
2021-02-17 18:25:38,78.33,33.22,4.37,2.39
2021-02-17 18:29:38,77.73,33.63,6.81,2.25
2021-02-17 18:33:38,77.83,33.02,5.13,1.98
2021-02-17 18:37:38,77.88,33.46,5.39,1.98
2021-02-17 18:41:38,77.69,33.66,6.34,1.86
2021-02-17 18:45:38,77.68,33.65,6.98,1.83
2021-02-17 18:49:38,77.75,33.45,5.36,1.99
2021-02-17 18:53:38,77.76,33.40,4.96,1.98
2021-02-17 18:57:38,77.96,32.81,3.78,2.14
2021-02-17 19:01:38,78.13,33.04,3.73,1.86
2021-02-17 19:05:38,78.07,33.18,3.99,1.75
2021-02-17 19:09:38,78.01,33.32,3.85,1.92
2021-02-17 19:13:38,78.18,33.31,3.52,1.73
2021-02-17 19:17:38,78.27,33.21,3.52,1.92
2021-02-17 19:21:38,78.00,33.53,3.92,2.11
2021-02-17 19:25:38,78.33,33.37,3.92,2.09
2021-02-17 19:29:38,78.24,33.37,3.73,1.98
2021-02-17 19:33:38,78.17,33.48,3.74,2.09
2021-02-17 19:37:38,78.29,33.34,3.61,2.11
2021-02-17 19:41:38,78.05,33.65,3.73,2.05
2021-02-17 19:45:38,78.10,33.63,3.90,2.09
2021-02-17 19:49:38,78.24,33.49,3.78,2.20
2021-02-17 19:53:38,78.41,33.52,3.63,2.27
2021-02-17 19:57:38,78.44,33.54,3.54,2.38
2021-02-17 20:01:38,78.47,33.49,3.42,2.35
2021-02-17 20:05:38,78.63,33.54,3.47,2.36
2021-02-17 20:09:38,78.53,33.59,3.14,2.15
2021-02-17 20:13:38,78.50,33.43,3.52,2.25
2021-02-17 20:17:38,78.42,33.56,3.64,2.25
2021-02-17 20:21:38,78.40,33.55,3.61,2.25
2021-02-17 20:25:38,78.44,33.51,3.59,2.26
2021-02-17 20:29:38,78.46,33.47,3.75,2.32
2021-02-17 20:33:38,78.52,33.33,3.21,2.26
2021-02-17 20:37:38,78.56,33.45,3.31,2.26
2021-02-17 20:41:38,78.56,33.41,3.47,2.26
2021-02-17 20:45:38,78.47,33.47,3.44,2.30
2021-02-17 20:49:38,78.60,33.63,3.56,2.61
2021-02-17 20:53:38,78.68,33.56,3.44,2.47
2021-02-17 20:57:38,78.72,33.34,2.87,1.89
2021-02-17 21:01:38,78.96,33.59,3.14,2.40
2021-02-17 21:05:38,79.04,33.81,3.35,2.99
2021-02-17 21:09:38,78.99,33.70,3.23,2.43
2021-02-17 21:13:38,78.90,33.47,2.97,2.39
2021-02-17 21:17:38,79.01,33.84,2.79,2.55
2021-02-17 21:21:38,78.73,33.68,3.06,2.42
2021-02-17 21:25:38,78.72,33.96,2.97,2.34
2021-02-17 21:29:38,78.72,33.49,2.77,2.16
2021-02-17 21:33:38,78.57,32.88,3.21,2.37
2021-02-17 21:37:38,78.61,33.45,3.28,2.54
2021-02-17 21:41:38,78.49,33.58,3.61,2.81
2021-02-17 21:45:38,78.10,33.80,3.87,2.38
2021-02-17 21:49:38,78.32,33.62,3.61,2.43
2021-02-17 21:53:38,78.51,33.57,3.47,2.72
2021-02-17 21:57:38,78.35,33.59,3.21,2.49
2021-02-17 22:01:38,78.06,33.75,3.58,2.22
2021-02-17 22:05:38,78.19,33.58,3.37,2.52
2021-02-17 22:09:38,78.14,33.77,3.99,2.34
2021-02-17 22:13:38,78.14,33.72,3.90,2.31
2021-02-17 22:17:38,78.02,33.71,4.09,2.29
2021-02-17 22:21:38,77.99,33.58,3.80,2.06
2021-02-17 22:25:38,77.91,33.77,3.85,2.15
2021-02-17 22:29:38,77.93,33.80,3.85,2.19
2021-02-17 22:33:38,77.97,33.85,3.85,2.25
2021-02-17 22:37:38,78.25,33.64,3.45,2.56
2021-02-17 22:41:38,78.61,33.78,3.40,2.57
2021-02-17 22:45:38,78.21,33.86,3.50,2.54
2021-02-17 22:49:38,78.33,33.80,3.47,2.41
2021-02-17 22:53:38,78.37,33.41,3.31,2.47
2021-02-17 22:57:38,78.40,33.59,3.40,2.42
2021-02-17 23:01:38,77.76,34.10,4.06,2.20
2021-02-17 23:05:38,78.21,33.70,3.33,2.36
2021-02-17 23:09:38,78.48,33.66,3.29,2.61
2021-02-17 23:13:38,78.20,33.96,3.21,2.71
2021-02-17 23:17:38,78.22,33.65,3.40,2.50
2021-02-17 23:21:38,78.14,33.51,3.47,2.41
2021-02-17 23:25:38,78.61,33.62,3.26,2.69
2021-02-17 23:29:38,78.52,33.70,3.38,2.70
2021-02-17 23:33:38,78.25,33.83,3.54,2.80
2021-02-17 23:37:38,78.62,33.68,3.64,2.56
2021-02-17 23:41:38,78.61,33.45,3.39,2.47
2021-02-17 23:45:38,78.48,33.80,3.21,2.56
2021-02-17 23:49:38,78.56,33.89,3.47,2.75
2021-02-17 23:53:38,78.67,33.51,3.33,2.48
2021-02-17 23:57:38,78.84,33.65,3.21,2.62
2021-02-18 00:01:38,78.54,33.89,3.66,2.81
2021-02-18 00:05:38,78.57,33.81,3.33,2.57
2021-02-18 00:09:38,78.26,33.98,3.68,2.69
2021-02-18 00:13:38,78.45,33.89,3.71,2.72
2021-02-18 00:17:38,78.31,33.94,3.47,2.73
2021-02-18 00:21:38,78.21,33.99,3.83,2.76
2021-02-18 00:25:38,78.62,33.83,3.39,2.62
2021-02-18 00:29:38,78.52,33.88,3.18,2.60
2021-02-18 00:33:38,78.64,33.45,3.32,2.27
2021-02-18 00:37:38,78.30,33.91,2.87,2.27
2021-02-18 00:41:38,78.31,33.90,3.40,2.50
2021-02-18 00:45:38,78.33,33.70,3.19,2.37
2021-02-18 00:49:38,78.14,33.97,3.06,2.25
2021-02-18 00:53:38,78.16,33.99,3.61,2.38
2021-02-18 00:57:38,78.22,33.70,3.29,2.32
2021-02-18 01:01:38,78.21,33.73,3.26,2.34
2021-02-18 01:05:38,78.25,33.68,3.40,2.30
2021-02-18 01:09:38,78.18,33.73,3.42,2.29
2021-02-18 01:13:38,78.21,33.81,3.64,2.34
2021-02-18 01:17:38,78.16,33.94,3.52,2.51
2021-02-18 01:21:38,78.09,33.84,3.57,2.16
2021-02-18 01:25:38,78.12,33.77,3.40,2.43
2021-02-18 01:29:38,78.19,33.90,3.47,2.31
2021-02-18 01:33:38,78.07,33.77,3.47,2.32
2021-02-18 01:37:38,78.01,33.73,3.37,2.30
2021-02-18 01:41:38,77.94,33.86,3.37,2.21
2021-02-18 01:45:38,78.10,33.57,3.68,2.17
2021-02-18 01:49:38,78.08,33.62,2.94,2.30
2021-02-18 01:53:38,77.94,33.84,3.47,2.17
2021-02-18 01:57:38,78.36,33.68,3.42,2.42
2021-02-18 02:01:38,78.10,33.78,3.16,2.47
2021-02-18 02:05:38,77.99,33.82,3.04,2.49
2021-02-18 02:09:38,78.52,33.73,3.16,2.48
2021-02-18 02:13:38,78.03,33.90,3.26,2.45
2021-02-18 02:17:38,77.92,33.93,3.40,2.36
2021-02-18 02:21:38,78.15,33.77,3.50,2.31
2021-02-18 02:25:38,77.90,33.96,3.63,2.25
2021-02-18 02:29:38,78.13,33.71,3.47,2.20
2021-02-18 02:33:38,78.07,33.75,3.45,2.23
2021-02-18 02:37:38,77.99,33.84,3.52,2.21
2021-02-18 02:41:38,78.07,33.75,3.49,2.26
2021-02-18 02:45:38,77.88,33.95,3.26,2.27
2021-02-18 02:49:38,78.00,33.83,3.35,2.22
2021-02-18 02:53:38,78.23,33.75,3.32,2.28
2021-02-18 02:57:38,78.16,33.79,3.19,2.36
2021-02-18 03:01:38,77.95,33.92,3.63,2.19
2021-02-18 03:05:38,78.06,33.86,3.39,2.52
2021-02-18 03:09:38,78.00,33.86,3.50,2.38
2021-02-18 03:13:38,77.98,33.91,3.52,2.33
2021-02-18 03:17:38,78.15,33.83,3.35,2.49
2021-02-18 03:21:38,77.83,34.03,3.64,2.02
2021-02-18 03:25:38,78.12,33.82,3.45,2.14
2021-02-18 03:29:38,78.18,33.72,3.24,2.42
2021-02-18 03:33:38,78.07,33.81,3.06,2.48
2021-02-18 03:37:38,77.93,33.97,3.19,2.14
2021-02-18 03:41:38,78.36,33.77,3.38,2.56
2021-02-18 03:45:38,78.13,33.85,3.43,2.28
2021-02-18 03:49:38,77.90,34.04,3.40,2.09
2021-02-18 03:53:38,78.14,33.85,3.38,2.49
2021-02-18 03:57:38,78.02,33.88,3.09,2.00
2021-02-18 04:01:38,77.89,33.96,3.66,2.16
2021-02-18 04:05:38,77.97,33.88,3.66,2.12
2021-02-18 04:09:38,77.89,33.97,3.71,2.16
2021-02-18 04:13:38,78.06,33.79,3.42,2.13
2021-02-18 04:17:38,77.84,34.05,3.49,2.06
2021-02-18 04:21:38,77.72,34.19,3.78,1.82
2021-02-18 04:25:38,78.01,33.84,3.24,2.20
2021-02-18 04:29:38,77.99,33.87,3.23,2.26
2021-02-18 04:33:38,77.93,33.96,3.76,2.26
2021-02-18 04:37:38,78.03,33.89,3.39,2.43
2021-02-18 04:41:38,78.10,33.84,3.31,2.26
2021-02-18 04:45:38,77.94,33.94,3.69,2.24
2021-02-18 04:49:38,77.96,33.93,3.40,2.09
2021-02-18 04:53:38,77.93,33.95,3.31,2.23
2021-02-18 04:57:38,77.84,34.03,3.68,1.88
2021-02-18 05:01:38,77.90,33.97,3.19,2.08
2021-02-18 05:05:38,77.90,33.96,3.19,2.28
2021-02-18 05:09:38,78.01,33.90,3.68,2.42
2021-02-18 05:13:38,77.87,34.00,3.47,2.25
2021-02-18 05:17:38,78.02,33.91,3.61,2.52
2021-02-18 05:21:38,78.08,33.93,3.29,2.34
2021-02-18 05:25:38,78.12,33.92,3.73,2.42
2021-02-18 05:29:38,77.84,34.03,3.81,2.32
2021-02-18 05:33:38,78.05,33.89,3.19,2.17
2021-02-18 05:37:38,77.98,33.88,3.21,2.09
2021-02-18 05:41:38,77.87,33.95,3.69,1.83
2021-02-18 05:45:38,77.78,34.12,3.59,1.97
2021-02-18 05:49:38,77.89,33.98,3.47,1.87
2021-02-18 05:53:38,77.86,34.00,3.59,1.89
2021-02-18 05:57:38,78.05,33.89,3.31,2.19
2021-02-18 06:01:38,77.85,34.05,3.35,2.22
2021-02-18 06:05:38,77.83,34.06,3.61,1.97
2021-02-18 06:09:38,78.01,33.87,7.45,2.30
2021-02-18 06:13:38,77.92,33.94,3.73,2.02
2021-02-18 06:17:38,77.95,33.89,3.44,2.04
2021-02-18 06:21:38,77.95,33.87,3.33,2.16
2021-02-18 06:25:38,77.84,34.05,3.57,1.77
2021-02-18 06:29:38,78.01,33.72,2.67,2.19
2021-02-18 06:33:38,78.11,33.56,2.87,2.26
2021-02-18 06:37:38,77.91,33.99,3.45,2.29
2021-02-18 06:41:38,78.05,33.90,2.91,2.49
2021-02-18 06:45:38,78.00,33.88,3.21,2.37
2021-02-18 06:49:38,78.01,33.93,3.37,2.32
2021-02-18 06:53:38,77.94,33.85,3.35,2.20
2021-02-18 06:57:38,77.77,34.06,3.40,2.20
2021-02-18 07:01:38,77.70,34.16,3.78,2.02
2021-02-18 07:05:38,77.88,33.89,3.64,2.04
2021-02-18 07:09:38,77.82,34.03,3.47,1.98
2021-02-18 07:13:38,77.79,34.07,3.76,1.99
2021-02-18 07:17:38,77.84,33.86,3.71,2.02
2021-02-18 07:21:38,77.87,33.92,3.61,1.89
2021-02-18 07:25:38,77.83,33.98,3.76,1.92
2021-02-18 07:29:38,77.88,33.80,3.29,2.13
2021-02-18 07:33:38,77.90,33.85,3.01,2.75
2021-02-18 07:37:38,77.87,34.00,3.04,2.71
2021-02-18 07:41:38,77.84,34.04,3.29,2.80
2021-02-18 07:45:38,78.13,33.79,3.21,2.50
2021-02-18 07:49:38,78.11,33.30,2.84,2.44
2021-02-18 07:53:38,77.84,34.10,3.54,2.27
2021-02-18 07:57:38,77.87,34.01,3.73,2.31
2021-02-18 08:01:38,77.91,33.93,3.97,2.41
2021-02-18 08:05:38,77.96,33.88,3.78,2.52
2021-02-18 08:09:38,77.96,33.90,3.14,2.31
2021-02-18 08:13:38,77.92,33.98,3.99,2.33
2021-02-18 08:17:38,78.00,33.96,3.80,2.27
2021-02-18 08:21:38,77.90,33.96,3.52,2.40
2021-02-18 08:25:38,78.25,33.97,3.59,2.72
2021-02-18 08:29:38,78.04,34.00,3.66,2.60
2021-02-18 08:33:38,77.92,34.08,4.23,2.60
2021-02-18 08:37:38,78.13,33.81,4.28,2.00
2021-02-18 08:41:38,77.90,33.67,4.35,1.91
2021-02-18 08:45:38,77.91,33.77,4.75,1.70
2021-02-18 08:49:38,77.78,33.71,3.83,1.70
2021-02-18 08:53:38,77.52,33.72,7.57,1.70
2021-02-18 08:57:38,77.03,32.64,9.31,1.26
2021-02-18 09:01:38,77.13,33.21,9.14,1.35
2021-02-18 09:05:38,77.28,33.42,6.31,1.39
2021-02-18 09:09:38,77.30,33.68,6.07,1.49
2021-02-18 09:13:38,77.51,33.76,5.61,1.86
2021-02-18 09:17:38,77.39,33.72,5.82,1.52
2021-02-18 09:21:38,77.31,33.80,7.57,1.19
2021-02-18 09:25:38,77.25,33.74,6.21,1.10
2021-02-18 09:29:38,77.26,33.79,6.00,1.12
2021-02-18 09:33:38,77.27,33.84,5.49,1.11
2021-02-18 09:37:38,77.28,34.02,6.26,1.12
2021-02-18 09:41:38,77.28,33.78,4.38,1.15
2021-02-18 09:45:38,77.32,33.73,4.71,1.42
2021-02-18 09:49:38,77.38,33.78,5.03,1.37
2021-02-18 09:53:38,77.39,33.79,4.94,1.36
2021-02-18 09:57:38,77.42,33.81,4.56,1.33
2021-02-18 10:01:38,77.49,33.73,4.54,1.41
2021-02-18 10:05:38,77.43,33.85,4.73,1.58
2021-02-18 10:09:38,77.46,34.01,5.17,1.52
2021-02-18 10:13:38,77.45,33.44,3.97,1.32
2021-02-18 10:17:38,77.41,33.93,4.84,1.41
2021-02-18 10:21:38,77.39,33.88,4.73,1.44
2021-02-18 10:25:38,77.40,33.63,3.35,1.52
2021-02-18 10:29:38,77.40,33.85,3.99,1.49
2021-02-18 10:33:38,77.62,33.35,3.73,1.52
2021-02-18 10:37:38,77.73,33.41,3.66,1.51
2021-02-18 10:41:38,77.54,33.70,4.12,1.77
2021-02-18 10:45:38,77.88,33.54,3.92,1.76
2021-02-18 10:49:38,77.68,33.70,4.06,1.69
2021-02-18 10:53:38,77.74,33.57,3.71,1.69
2021-02-18 10:57:38,78.00,33.63,4.16,1.73
2021-02-18 11:01:38,77.71,33.96,3.95,1.76
2021-02-18 11:05:38,77.69,33.94,4.37,1.72
2021-02-18 11:09:38,77.77,33.87,3.85,1.77
2021-02-18 11:13:38,77.61,33.93,4.26,1.57
2021-02-18 11:17:38,77.66,33.92,4.56,1.47
2021-02-18 11:21:38,77.78,33.80,4.23,1.72
2021-02-18 11:25:38,78.23,33.54,4.42,1.81
2021-02-18 11:29:38,78.21,33.70,3.38,1.68
2021-02-18 11:33:38,77.91,33.88,3.40,1.89
2021-02-18 11:37:38,78.06,33.57,3.76,1.62
2021-02-18 11:41:38,78.19,33.44,3.68,1.48
2021-02-18 11:45:38,78.31,33.96,3.83,1.88
2021-02-18 11:49:38,78.27,33.34,3.99,1.89
2021-02-18 11:53:38,78.23,31.76,4.16,1.89
2021-02-18 11:57:38,77.94,32.13,9.87,1.31
2021-02-18 12:01:38,78.18,30.94,4.96,1.54
2021-02-18 12:05:38,78.07,31.74,5.27,1.63
2021-02-18 12:09:38,78.53,30.05,4.49,1.48
2021-02-18 12:13:38,77.91,32.90,4.98,1.58
2021-02-18 12:17:38,77.76,33.48,4.96,1.49
2021-02-18 12:21:38,77.64,33.71,4.89,1.46
2021-02-18 12:25:38,77.94,32.93,4.21,1.47
2021-02-18 12:29:38,77.85,33.19,4.56,1.47
2021-02-18 12:33:38,77.78,33.57,4.96,1.51
2021-02-18 12:37:38,77.82,33.69,4.35,1.54
2021-02-18 12:41:38,78.75,30.15,4.09,1.66
2021-02-18 12:45:38,78.56,31.43,4.14,1.72
2021-02-18 12:49:38,78.82,30.47,4.37,1.99
2021-02-18 12:53:38,78.77,30.91,4.35,2.16
2021-02-18 12:57:38,79.16,29.91,4.54,1.98
2021-02-18 13:01:38,79.45,29.69,4.02,1.92
2021-02-18 13:05:38,79.25,30.39,4.32,2.08
2021-02-18 13:09:38,79.64,29.56,3.99,1.94
2021-02-18 13:13:38,78.33,32.93,4.44,2.10
2021-02-18 13:17:38,79.32,30.41,4.30,2.19
2021-02-18 13:21:38,78.82,31.47,4.49,2.17
2021-02-18 13:25:38,79.31,30.23,4.37,2.20
2021-02-18 13:29:38,78.91,31.24,4.16,2.21
2021-02-18 13:33:38,77.96,33.57,4.09,1.98
2021-02-18 13:37:38,79.37,30.03,4.28,1.92
2021-02-18 13:41:38,78.19,33.08,4.40,2.03
2021-02-18 13:45:38,79.18,30.83,3.95,2.08
2021-02-18 13:49:38,79.14,31.12,4.28,2.19
2021-02-18 13:53:38,79.38,30.52,3.97,2.23
2021-02-18 13:57:38,79.17,30.89,4.39,2.27
2021-02-18 14:01:38,79.08,31.17,4.35,2.36
2021-02-18 14:05:38,77.97,33.84,10.13,2.32
2021-02-18 14:09:38,79.26,30.91,4.86,2.40
2021-02-18 14:13:38,79.10,31.20,4.75,2.22
2021-02-18 14:17:38,78.15,33.83,3.92,2.22
2021-02-18 14:21:38,78.33,33.69,4.44,2.62
2021-02-18 14:25:38,78.54,33.04,4.07,2.17
2021-02-18 14:29:38,78.52,33.46,4.40,2.85
2021-02-18 14:33:38,78.53,33.43,4.16,2.33
2021-02-18 14:37:38,78.51,33.29,4.02,2.82
2021-02-18 14:41:38,78.46,33.56,4.06,2.52
2021-02-18 14:45:38,78.58,33.42,3.59,2.49
2021-02-18 14:49:38,78.59,33.26,3.99,2.62
2021-02-18 14:53:38,78.52,33.50,4.13,2.55
2021-02-18 14:57:38,78.64,33.42,3.71,2.45
2021-02-18 15:01:38,78.71,33.39,4.68,3.24
2021-02-18 15:05:38,78.60,33.57,3.90,2.68
2021-02-18 15:09:38,78.55,33.24,3.37,3.20
2021-02-18 15:13:38,78.43,33.27,4.35,2.92
2021-02-18 15:17:38,78.04,33.49,8.90,2.20
2021-02-18 15:21:38,77.87,33.69,7.97,1.82
2021-02-18 15:25:38,78.31,32.68,4.23,2.26
2021-02-18 15:29:38,78.75,31.74,4.37,2.35
2021-02-18 15:33:38,77.91,33.62,7.22,1.68
2021-02-18 15:37:38,77.83,33.85,4.63,2.38
2021-02-18 15:41:38,77.79,33.83,9.16,1.83
2021-02-18 15:45:38,77.94,33.59,5.00,2.30
2021-02-18 15:49:38,78.26,32.95,6.42,1.84
2021-02-18 15:53:38,77.92,33.60,5.87,1.79
2021-02-18 15:57:38,77.98,33.47,5.99,1.91
2021-02-18 16:01:38,78.06,33.31,5.51,1.89
2021-02-18 16:05:38,78.06,33.44,4.13,2.23
2021-02-18 16:09:38,78.01,33.49,5.22,1.88
2021-02-18 16:13:38,78.09,33.44,4.06,2.34
2021-02-18 16:17:38,78.05,33.70,3.97,2.49
2021-02-18 16:21:38,78.16,33.41,3.81,2.42
2021-02-18 16:25:38,78.07,33.49,4.40,2.05
2021-02-18 16:29:38,77.80,33.95,5.10,1.59
2021-02-18 16:33:38,78.25,33.02,4.78,2.13
2021-02-18 16:37:38,78.22,33.04,4.42,2.48
2021-02-18 16:41:38,77.92,33.69,4.52,2.04
2021-02-18 16:45:38,77.99,33.52,4.13,2.23
2021-02-18 16:49:38,78.06,33.52,4.21,2.60
2021-02-18 16:53:38,78.12,33.39,4.50,2.10
2021-02-18 16:57:38,77.71,34.00,4.58,2.32
2021-02-18 17:01:38,77.98,33.66,4.63,2.06
2021-02-18 17:05:38,78.03,33.51,4.21,1.93
2021-02-18 17:09:38,78.11,33.45,4.42,2.31
2021-02-18 17:13:38,78.24,33.17,4.02,3.06
2021-02-18 17:17:38,78.21,33.38,3.68,2.86
2021-02-18 17:21:38,78.29,33.29,3.68,3.25
2021-02-18 17:25:38,78.34,33.27,3.40,3.49
2021-02-18 17:29:38,78.33,33.07,3.63,3.27
2021-02-18 17:33:38,78.13,33.66,3.31,3.73
2021-02-18 17:37:38,78.35,33.39,3.18,3.33
2021-02-18 17:41:38,78.42,33.22,3.19,3.77
2021-02-18 17:45:38,78.43,33.35,3.35,3.75
2021-02-18 17:49:38,78.01,33.85,4.16,2.92
2021-02-18 17:53:38,78.28,33.59,3.57,4.30
2021-02-18 17:57:38,78.42,33.10,3.07,3.54
2021-02-18 18:01:38,78.37,32.95,3.68,2.96
2021-02-18 18:05:38,77.96,33.66,4.23,2.67
2021-02-18 18:09:38,77.89,33.64,4.80,2.25
2021-02-18 18:13:38,77.88,33.64,4.59,2.16
2021-02-18 18:17:38,77.84,33.70,4.42,1.89
2021-02-18 18:21:38,77.79,33.76,4.42,2.02
2021-02-18 18:25:38,77.70,33.89,4.64,1.90
2021-02-18 18:29:38,77.76,33.80,4.37,2.03
2021-02-18 18:33:38,77.66,33.63,20.57,1.81
2021-02-18 18:37:38,77.66,33.64,13.44,1.60
2021-02-18 18:41:38,77.72,33.28,9.46,1.66
2021-02-18 18:45:38,77.75,33.48,6.42,1.60
2021-02-18 18:49:38,77.70,33.58,5.10,1.46
2021-02-18 18:53:38,77.76,33.30,11.48,1.70
2021-02-18 18:57:38,77.63,33.56,9.60,1.52
2021-02-18 19:01:38,77.65,33.34,8.12,1.47
2021-02-18 19:05:38,77.65,33.47,7.52,1.58
2021-02-18 19:09:38,77.64,33.38,6.70,1.54
2021-02-18 19:13:38,77.63,33.48,5.89,1.52
2021-02-18 19:17:38,77.59,33.78,5.36,1.47
2021-02-18 19:21:38,77.69,33.44,4.56,1.51
2021-02-18 19:25:38,77.57,33.87,5.39,1.49
2021-02-18 19:29:38,77.56,33.90,4.98,1.47
2021-02-18 19:33:38,77.59,33.85,5.66,1.52
2021-02-18 19:37:38,77.70,33.30,4.23,1.58
2021-02-18 19:41:38,77.72,33.35,4.40,1.46
2021-02-18 19:45:38,77.54,33.98,6.26,1.76
2021-02-18 19:49:38,77.79,33.07,4.21,1.99
2021-02-18 19:53:38,77.72,33.52,3.70,1.68
2021-02-18 19:57:38,77.66,33.77,4.16,1.65
2021-02-18 20:01:38,77.63,33.83,3.61,1.87
2021-02-18 20:05:38,77.66,33.66,4.35,1.62
2021-02-18 20:09:38,77.69,33.61,3.57,2.05
2021-02-18 20:13:38,77.71,33.68,4.39,1.97
2021-02-18 20:17:38,77.71,33.63,4.16,1.63
2021-02-18 20:21:38,77.69,33.63,3.99,1.72
2021-02-18 20:25:38,77.80,33.44,3.47,2.17
2021-02-18 20:29:38,77.98,33.45,3.64,2.23
2021-02-18 20:33:38,77.68,33.77,3.71,1.64
2021-02-18 20:37:38,77.74,33.61,3.92,1.43
2021-02-18 20:41:38,77.74,33.60,3.78,1.51
2021-02-18 20:45:38,77.72,33.70,3.69,1.68
2021-02-18 20:49:38,77.71,33.65,3.90,1.55
2021-02-18 20:53:38,77.79,33.52,3.61,1.90
2021-02-18 20:57:38,77.79,33.56,3.90,1.87
2021-02-18 21:01:38,77.79,33.53,3.76,1.63
2021-02-18 21:05:38,77.75,33.61,3.78,1.60
2021-02-18 21:09:38,77.66,33.82,4.08,1.63
2021-02-18 21:13:38,77.87,33.36,3.68,1.83
2021-02-18 21:17:38,77.77,33.59,3.57,1.72
2021-02-18 21:21:38,77.72,33.71,4.09,1.72
2021-02-18 21:25:38,77.85,33.51,3.56,1.88
2021-02-18 21:29:38,78.02,33.60,3.68,2.04
2021-02-18 21:33:38,78.08,33.52,3.38,2.36
2021-02-18 21:37:38,77.81,33.94,3.68,2.06
2021-02-18 21:41:38,77.97,33.69,3.88,2.08
2021-02-18 21:45:38,78.19,33.55,3.17,2.47
2021-02-18 21:49:38,77.98,33.77,3.44,2.21
2021-02-18 21:53:38,78.17,33.69,3.56,2.33
2021-02-18 21:57:38,77.77,33.64,3.19,1.90
2021-02-18 22:01:38,77.71,33.50,7.54,1.59
2021-02-18 22:05:38,77.84,33.55,4.18,2.06
2021-02-18 22:09:38,77.81,33.70,4.59,1.87
2021-02-18 22:13:38,77.97,33.53,4.09,2.05
2021-02-18 22:17:38,77.99,33.61,4.26,1.93
2021-02-18 22:21:38,78.10,33.56,3.33,2.08
2021-02-18 22:25:38,78.07,33.78,3.88,2.23
2021-02-18 22:29:38,77.88,33.79,4.13,1.90
2021-02-18 22:33:38,77.77,33.83,4.21,2.00
2021-02-18 22:37:38,78.08,33.72,3.83,2.33
2021-02-18 22:41:38,77.88,33.86,3.59,2.09
2021-02-18 22:45:38,77.58,34.02,4.44,1.72
2021-02-18 22:49:38,77.77,33.91,4.06,1.92
2021-02-18 22:53:38,78.11,33.64,3.50,1.92
2021-02-18 22:57:38,77.68,34.02,4.47,2.06
2021-02-18 23:01:38,77.87,33.89,3.80,2.00
2021-02-18 23:05:38,77.78,33.83,3.26,1.93
2021-02-18 23:09:38,77.87,33.98,4.42,2.02
2021-02-18 23:13:38,78.17,33.37,2.89,1.97
2021-02-18 23:17:38,77.94,34.02,3.73,2.37
2021-02-18 23:21:38,77.71,33.99,3.92,1.83
2021-02-18 23:25:38,78.02,33.53,3.59,2.26
2021-02-18 23:29:38,77.89,33.79,2.94,2.04
2021-02-18 23:33:38,77.85,34.05,3.59,2.19
2021-02-18 23:37:38,77.79,33.87,3.81,2.11
2021-02-18 23:41:38,78.05,33.39,3.16,1.78
2021-02-18 23:45:38,77.70,34.01,3.37,1.94
2021-02-18 23:49:38,77.71,33.99,4.21,1.98
2021-02-18 23:53:38,77.99,33.43,3.09,1.67
2021-02-18 23:57:38,77.84,33.87,3.02,1.98
2021-02-19 00:01:38,77.95,33.79,3.40,2.10
2021-02-19 00:05:38,78.12,33.63,3.31,2.16
2021-02-19 00:09:38,78.03,33.83,3.29,2.39
2021-02-19 00:13:38,77.97,33.89,3.19,2.14
2021-02-19 00:17:38,78.19,33.53,2.89,1.77
2021-02-19 00:21:38,78.07,33.83,3.31,2.28
2021-02-19 00:25:38,77.78,34.02,3.31,2.21
2021-02-19 00:29:38,78.19,33.58,3.30,2.01
2021-02-19 00:33:38,77.98,33.82,3.26,2.06
2021-02-19 00:37:38,77.94,33.87,3.68,2.26
2021-02-19 00:41:38,78.15,33.66,3.24,1.78
2021-02-19 00:45:38,77.90,33.92,4.06,2.38
2021-02-19 00:49:38,77.84,33.96,3.85,2.25
2021-02-19 00:53:38,78.09,33.92,3.14,2.17
2021-02-19 00:57:38,77.84,34.01,3.95,2.58
2021-02-19 01:01:38,78.10,33.99,3.59,2.85
2021-02-19 01:05:38,78.14,34.02,3.85,2.79
2021-02-19 01:09:38,78.15,34.01,3.37,2.43
2021-02-19 01:13:38,78.22,33.96,3.70,2.79
2021-02-19 01:17:38,78.31,33.89,2.87,2.19
2021-02-19 01:21:38,78.07,34.03,3.73,3.29
2021-02-19 01:25:38,78.18,33.98,3.40,2.74
2021-02-19 01:29:38,78.33,33.86,3.35,2.23
2021-02-19 01:33:38,78.34,33.99,3.54,2.75
2021-02-19 01:37:38,78.04,34.11,3.64,2.86
2021-02-19 01:41:38,78.19,34.00,3.31,2.40
2021-02-19 01:45:38,78.10,33.68,2.97,2.09
2021-02-19 01:49:38,77.89,34.03,3.99,2.50
2021-02-19 01:53:38,78.00,33.97,4.02,2.48
2021-02-19 01:57:38,77.82,34.07,3.29,2.20
2021-02-19 02:01:38,77.95,33.93,3.40,2.23
2021-02-19 02:05:38,77.90,33.97,3.37,2.12
2021-02-19 02:09:38,77.65,34.13,3.99,2.21
2021-02-19 02:13:38,77.94,33.81,3.47,2.22
2021-02-19 02:17:38,78.25,33.61,3.29,1.88
2021-02-19 02:21:38,78.03,33.97,3.16,2.28
2021-02-19 02:25:38,78.15,33.75,3.61,2.34
2021-02-19 02:29:38,78.12,33.72,3.35,1.78
2021-02-19 02:33:38,78.09,33.94,3.39,2.21
2021-02-19 02:37:38,78.10,33.75,3.37,2.25
2021-02-19 02:41:38,77.96,34.12,3.14,2.17
2021-02-19 02:45:38,78.03,33.99,3.24,2.23
2021-02-19 02:49:38,78.21,33.85,3.24,2.26
2021-02-19 02:53:38,77.94,34.13,3.19,2.21
2021-02-19 02:57:38,77.76,34.17,4.02,1.81
2021-02-19 03:01:38,78.07,33.87,3.38,2.00
2021-02-19 03:05:38,78.06,33.56,2.94,1.68
2021-02-19 03:09:38,77.88,33.92,3.71,2.00
2021-02-19 03:13:38,77.99,33.93,3.42,2.05
2021-02-19 03:17:38,78.08,33.71,3.35,1.89
2021-02-19 03:21:38,78.01,33.74,3.49,2.11
2021-02-19 03:25:38,78.04,33.92,3.47,2.24
2021-02-19 03:29:38,77.99,33.97,3.42,2.38
2021-02-19 03:33:38,78.00,33.99,3.40,2.08
2021-02-19 03:37:38,78.09,33.91,3.26,2.33
2021-02-19 03:41:38,78.05,33.88,3.26,2.19
2021-02-19 03:45:38,77.76,34.17,3.94,2.38
2021-02-19 03:49:38,78.07,33.90,3.01,2.09
2021-02-19 03:53:38,78.04,33.88,3.14,1.94
2021-02-19 03:57:38,77.89,34.03,3.73,2.29
2021-02-19 04:01:38,77.87,34.04,3.31,2.23
2021-02-19 04:05:38,77.91,33.99,3.06,2.13
2021-02-19 04:09:38,77.93,33.97,3.19,2.05
2021-02-19 04:13:38,78.08,33.70,3.11,1.72
2021-02-19 04:17:38,77.80,34.04,3.54,2.10
2021-02-19 04:21:38,78.02,33.52,2.97,1.83
2021-02-19 04:25:38,77.89,33.78,3.09,2.00
2021-02-19 04:29:38,77.69,34.12,3.66,1.92
2021-02-19 04:33:38,77.94,34.03,3.29,2.22
2021-02-19 04:37:38,77.85,34.06,3.42,2.14
2021-02-19 04:41:38,77.90,34.01,3.64,2.29
2021-02-19 04:45:38,77.93,33.93,3.26,2.19
2021-02-19 04:49:38,77.61,34.22,3.47,2.11
2021-02-19 04:53:38,77.91,34.01,3.40,2.05
2021-02-19 04:57:38,78.13,33.57,2.94,1.94
2021-02-19 05:01:38,77.87,33.99,3.16,2.16
2021-02-19 05:05:38,77.89,33.98,3.35,2.03
2021-02-19 05:09:38,78.03,33.91,3.19,2.21
2021-02-19 05:13:38,78.11,33.93,3.52,2.27
2021-02-19 05:17:38,78.08,33.61,3.14,1.83
2021-02-19 05:21:38,78.14,33.80,3.11,1.88
2021-02-19 05:25:38,77.96,34.06,3.47,2.28
2021-02-19 05:29:38,78.10,33.58,3.61,2.00
2021-02-19 05:33:38,77.87,34.10,3.52,2.50
2021-02-19 05:37:38,77.82,34.13,3.47,2.36
2021-02-19 05:41:38,78.05,33.61,3.52,1.94
2021-02-19 05:45:38,77.93,33.95,3.54,2.05
2021-02-19 05:49:38,77.92,34.02,3.68,2.40
2021-02-19 05:53:38,77.90,34.07,3.11,2.05
2021-02-19 05:57:38,78.00,33.69,2.94,2.10
2021-02-19 06:01:38,77.96,33.63,3.39,2.08
2021-02-19 06:05:38,77.87,34.12,3.85,2.33
2021-02-19 06:09:38,78.05,33.92,3.66,2.11
2021-02-19 06:13:38,77.80,34.14,3.24,2.17
2021-02-19 06:17:38,77.84,34.08,3.59,2.32
2021-02-19 06:21:38,78.00,33.85,3.35,1.86
2021-02-19 06:25:38,77.64,34.17,3.42,2.02
2021-02-19 06:29:38,77.81,34.02,3.71,2.14
2021-02-19 06:33:38,77.93,33.73,3.02,1.81
2021-02-19 06:37:38,77.77,34.10,3.27,2.04
2021-02-19 06:41:38,77.90,33.77,3.44,2.08
2021-02-19 06:45:38,77.91,33.98,3.24,2.08
2021-02-19 06:49:38,77.91,33.97,3.54,2.21
2021-02-19 06:53:38,78.02,33.80,3.40,2.20
2021-02-19 06:57:38,78.11,33.81,3.19,2.20
2021-02-19 07:01:38,77.69,34.18,3.61,2.30
2021-02-19 07:05:38,78.00,33.69,3.33,2.30
2021-02-19 07:09:38,77.89,33.95,3.57,2.15
2021-02-19 07:13:38,77.16,33.27,8.75,1.05
2021-02-19 07:17:38,77.14,33.01,6.47,1.04
2021-02-19 07:21:38,77.16,33.83,7.18,0.97
2021-02-19 07:25:38,77.16,33.65,6.26,0.93
2021-02-19 07:29:38,77.25,34.02,5.29,1.32
2021-02-19 07:33:38,77.33,33.85,5.58,1.49
2021-02-19 07:37:38,77.28,33.70,8.07,1.16
2021-02-19 07:41:38,77.28,33.94,7.64,1.23
2021-02-19 07:45:38,77.23,33.52,6.39,1.12
2021-02-19 07:49:38,77.31,33.82,5.99,1.19
2021-02-19 07:53:38,77.44,34.03,6.45,1.35
2021-02-19 07:57:38,77.47,34.00,5.85,1.30
2021-02-19 08:01:38,77.54,34.06,5.56,1.63
2021-02-19 08:05:38,77.60,33.97,5.03,1.54
2021-02-19 08:09:38,77.51,33.95,5.10,1.45
2021-02-19 08:13:38,77.51,33.75,4.42,1.38
2021-02-19 08:17:38,77.53,33.92,4.21,1.65
2021-02-19 08:21:38,77.46,33.80,5.44,1.51
2021-02-19 08:25:38,77.31,34.08,5.59,1.31
2021-02-19 08:29:38,77.41,33.83,4.77,1.37
2021-02-19 08:33:38,77.46,33.65,3.57,1.67
2021-02-19 08:37:38,77.39,33.91,5.68,1.30
2021-02-19 08:41:38,77.36,33.99,4.39,1.37
2021-02-19 08:45:38,77.41,33.86,4.54,1.37
2021-02-19 08:49:38,77.37,33.97,4.70,1.42
2021-02-19 08:53:38,77.35,34.02,4.45,1.51
2021-02-19 08:57:38,77.41,33.93,4.02,1.57
2021-02-19 09:01:38,77.33,34.08,4.23,1.25
2021-02-19 09:05:38,77.58,33.60,3.83,1.60
2021-02-19 09:09:38,77.35,34.06,4.68,1.57
2021-02-19 09:13:38,77.37,34.07,4.30,1.47
2021-02-19 09:17:38,77.57,33.88,4.39,1.72
2021-02-19 09:21:38,77.67,33.72,4.19,1.69
2021-02-19 09:25:38,77.54,33.92,4.32,1.83
2021-02-19 09:29:38,77.64,33.92,4.35,1.72
2021-02-19 09:33:38,77.46,34.04,4.14,1.57
2021-02-19 09:37:38,77.53,33.97,3.73,1.67
2021-02-19 09:41:38,77.63,33.87,3.45,1.65
2021-02-19 09:45:38,77.44,34.09,4.33,1.51
2021-02-19 09:49:38,77.41,34.10,4.04,1.55
2021-02-19 09:53:38,77.58,33.77,3.47,1.68
2021-02-19 09:57:38,77.48,34.02,3.21,1.98
2021-02-19 10:01:38,77.45,34.13,3.35,2.03
2021-02-19 10:05:38,77.90,33.72,3.31,2.06
2021-02-19 10:09:38,77.71,33.14,4.35,1.64
2021-02-19 10:13:38,77.90,33.57,4.35,2.14
2021-02-19 10:17:38,77.30,33.85,18.42,1.00
2021-02-19 10:21:38,77.38,32.93,10.79,1.19
2021-02-19 10:25:38,77.49,32.95,9.14,1.20
2021-02-19 10:29:38,77.42,33.13,9.04,1.27
2021-02-19 10:33:38,77.45,33.44,7.69,1.41
2021-02-19 10:37:38,77.42,33.47,7.52,1.31
2021-02-19 10:41:38,77.42,33.50,7.01,1.41
2021-02-19 10:45:38,77.35,33.92,9.04,1.09
2021-02-19 10:49:38,77.38,33.84,7.18,1.21
2021-02-19 10:53:38,77.50,33.04,6.34,1.13
2021-02-19 10:57:38,77.67,32.67,5.95,1.25
2021-02-19 11:01:38,77.65,33.41,6.64,1.19
2021-02-19 11:05:38,77.90,33.65,5.54,1.72
2021-02-19 11:09:38,77.83,33.52,6.09,1.57
2021-02-19 11:13:38,77.75,33.65,5.56,1.57
2021-02-19 11:17:38,77.77,33.56,4.93,1.42
2021-02-19 11:21:38,77.62,33.53,7.79,1.46
2021-02-19 11:25:38,77.54,33.60,5.29,1.39
2021-02-19 11:29:38,77.62,33.55,5.75,1.29
2021-02-19 11:33:38,77.60,33.59,5.82,1.32
2021-02-19 11:37:38,77.58,33.79,7.08,1.33
2021-02-19 11:41:38,77.53,33.79,5.34,1.19
2021-02-19 11:45:38,77.65,33.51,5.34,1.29
2021-02-19 11:49:38,77.61,33.66,5.22,1.33
2021-02-19 11:53:38,77.63,33.63,5.20,1.35
2021-02-19 11:57:38,77.69,33.54,4.77,1.31
2021-02-19 12:01:38,77.69,33.59,5.63,1.31
2021-02-19 12:05:38,77.84,33.19,4.23,1.88
2021-02-19 12:09:38,77.74,33.48,4.42,2.14
2021-02-19 12:13:38,77.86,33.38,5.05,1.62
2021-02-19 12:17:38,77.86,33.29,4.23,1.92
2021-02-19 12:21:38,77.62,33.89,4.96,1.62
2021-02-19 12:25:38,77.88,33.32,5.01,1.53
2021-02-19 12:29:38,77.82,33.57,4.89,1.41
2021-02-19 12:33:38,77.78,33.64,4.83,1.29
2021-02-19 12:37:38,77.88,33.45,3.76,2.28
2021-02-19 12:41:38,77.90,33.44,4.35,2.21
2021-02-19 12:45:38,78.10,33.11,4.05,2.42
2021-02-19 12:49:38,78.24,33.28,4.32,2.71
2021-02-19 12:53:38,78.25,33.24,4.30,2.45
2021-02-19 12:57:38,78.63,31.84,4.49,2.25
2021-02-19 13:01:38,78.05,33.68,4.12,2.76
2021-02-19 13:05:38,78.26,33.22,4.61,2.23
2021-02-19 13:09:38,78.29,33.61,4.56,2.28
2021-02-19 13:13:38,78.58,32.20,4.39,2.25
2021-02-19 13:17:38,77.95,33.83,4.89,2.43
2021-02-19 13:21:38,78.31,33.46,4.59,2.48
2021-02-19 13:25:38,78.20,33.57,3.71,4.25
2021-02-19 13:29:38,78.52,32.73,4.51,2.25
2021-02-19 13:33:38,78.29,33.56,4.44,2.25
2021-02-19 13:37:38,78.30,33.33,4.39,2.42
2021-02-19 13:41:38,77.87,33.52,15.68,1.60
2021-02-19 13:45:38,77.95,33.23,8.90,1.94
2021-02-19 13:49:38,78.02,33.47,8.84,2.64
2021-02-19 13:53:38,77.91,33.42,5.85,2.00
2021-02-19 13:57:38,79.25,30.31,4.63,1.82
2021-02-19 14:01:38,78.16,33.11,6.36,1.77
2021-02-19 14:05:38,78.29,32.94,5.42,1.92
2021-02-19 14:09:38,80.01,28.71,4.63,2.15
2021-02-19 14:13:38,78.45,32.86,4.84,1.97
2021-02-19 14:17:38,79.64,29.96,4.61,2.09
2021-02-19 14:21:38,78.46,32.75,6.81,1.81
2021-02-19 14:25:38,78.52,32.69,5.02,1.90
2021-02-19 14:29:38,78.12,33.30,6.07,1.95
2021-02-19 14:33:38,78.02,33.56,5.68,1.88
2021-02-19 14:37:38,78.06,33.50,6.67,1.96
2021-02-19 14:41:38,77.90,33.75,7.10,2.06
2021-02-19 14:45:38,78.15,33.36,5.75,2.25
2021-02-19 14:49:38,78.35,33.15,5.47,3.12
2021-02-19 14:53:38,78.06,33.56,4.80,4.44
2021-02-19 14:57:38,78.03,33.66,5.17,3.71
2021-02-19 15:01:38,78.49,33.05,4.51,3.81
2021-02-19 15:05:38,78.07,33.66,4.37,3.59
2021-02-19 15:09:38,78.37,33.19,4.26,5.19
2021-02-19 15:13:38,78.26,33.41,4.96,2.53
2021-02-19 15:17:38,78.21,33.39,5.03,2.92
2021-02-19 15:21:38,78.27,33.20,5.10,2.21
2021-02-19 15:25:38,78.06,33.63,5.41,2.08
2021-02-19 15:29:38,78.36,33.18,4.25,4.66
2021-02-19 15:33:38,78.34,33.31,3.68,6.66
2021-02-19 15:37:38,78.38,33.32,4.06,6.43
2021-02-19 15:41:38,78.15,32.81,3.73,5.44
2021-02-19 15:45:38,78.29,33.02,3.82,5.51
2021-02-19 15:49:38,78.24,33.18,4.08,6.28
2021-02-19 15:53:38,78.38,32.80,3.97,4.98
2021-02-19 15:57:38,78.34,33.08,3.52,3.50
2021-02-19 16:01:38,78.31,33.24,3.78,3.98
2021-02-19 16:05:38,78.35,33.64,3.39,5.76
2021-02-19 16:09:38,78.41,33.35,3.38,5.42
2021-02-19 16:13:38,78.26,33.58,3.71,5.51
2021-02-19 16:17:38,78.38,33.09,3.70,4.58
2021-02-19 16:21:38,78.01,32.81,3.49,5.38
2021-02-19 16:25:38,78.21,32.57,3.47,4.19
2021-02-19 16:29:38,78.05,33.25,3.47,6.41
2021-02-19 16:33:38,78.10,32.98,3.47,5.58
2021-02-19 16:37:38,78.10,33.14,3.99,5.13
2021-02-19 16:41:38,78.12,33.47,4.58,5.53
2021-02-19 16:45:38,78.22,33.39,4.51,4.37
2021-02-19 16:49:38,78.30,33.26,4.47,3.63
2021-02-19 16:53:38,78.06,33.68,5.10,3.91
2021-02-19 16:57:38,78.17,33.56,4.37,4.00
2021-02-19 17:01:38,78.26,33.37,4.59,4.39
2021-02-19 17:05:38,78.25,33.40,4.16,3.99
2021-02-19 17:09:38,78.36,33.27,4.30,3.64
2021-02-19 17:13:38,78.37,33.27,4.39,3.48
2021-02-19 17:17:38,78.33,33.37,4.30,3.26
2021-02-19 17:21:38,78.00,33.48,8.48,2.47
2021-02-19 17:25:38,77.98,33.38,9.54,1.92
2021-02-19 17:29:38,77.94,33.47,7.08,2.01
2021-02-19 17:33:38,77.92,33.42,13.85,2.00
2021-02-19 17:37:38,78.06,33.06,9.60,1.88
2021-02-19 17:41:38,77.93,33.39,6.96,2.09
2021-02-19 17:45:38,77.75,33.72,6.57,1.99
2021-02-19 17:49:38,77.74,33.78,6.69,2.11
2021-02-19 17:53:38,78.07,33.14,3.85,2.63
2021-02-19 17:57:38,77.89,33.63,5.23,1.94
2021-02-19 18:01:38,78.11,33.11,4.59,2.62
2021-02-19 18:05:38,78.07,33.20,4.73,2.31
2021-02-19 18:09:38,78.10,33.16,4.70,2.92
2021-02-19 18:13:38,78.23,32.89,4.42,2.42
2021-02-19 18:17:38,78.17,32.99,6.76,3.44
2021-02-19 18:21:38,78.09,33.20,4.23,2.80
2021-02-19 18:25:38,78.11,33.15,3.97,2.93
2021-02-19 18:29:38,77.94,33.53,5.17,2.42
2021-02-19 18:33:38,78.01,33.40,4.51,2.42
2021-02-19 18:37:38,78.04,33.29,4.04,2.87
2021-02-19 18:41:38,78.04,33.35,3.83,2.73
2021-02-19 18:45:38,78.11,33.30,3.50,4.30
2021-02-19 18:49:38,78.08,33.09,3.01,4.13
2021-02-19 18:53:38,78.03,33.39,3.51,3.54
2021-02-19 18:57:38,78.07,33.25,3.92,3.17
2021-02-19 19:01:38,78.09,32.97,3.90,3.35
2021-02-19 19:05:38,78.04,33.46,3.90,3.13
2021-02-19 19:09:38,78.15,33.30,3.61,3.62
2021-02-19 19:13:38,78.09,33.06,2.99,3.24
2021-02-19 19:17:38,77.91,33.68,3.92,3.35
2021-02-19 19:21:38,78.05,33.36,3.33,3.25
2021-02-19 19:25:38,78.18,32.91,3.16,2.54
2021-02-19 19:29:38,77.92,33.71,3.85,3.02
2021-02-19 19:33:38,78.00,33.40,3.61,2.56
2021-02-19 19:37:38,77.99,33.32,3.88,2.79
2021-02-19 19:41:38,77.92,33.65,3.63,2.74
2021-02-19 19:45:38,78.04,33.21,3.77,2.68
2021-02-19 19:49:38,78.01,33.30,3.63,2.52
2021-02-19 19:53:38,78.03,33.29,3.66,2.66
2021-02-19 19:57:38,77.92,33.60,3.95,2.91
2021-02-19 20:01:38,77.96,33.52,4.07,2.62
2021-02-19 20:05:38,78.04,33.21,3.82,2.52
2021-02-19 20:09:38,77.96,33.54,3.33,2.35
2021-02-19 20:13:38,78.03,33.38,3.90,2.76
2021-02-19 20:17:38,78.05,33.26,3.52,2.64
2021-02-19 20:21:38,78.07,33.41,3.61,2.51
2021-02-19 20:25:38,78.09,33.55,3.83,3.14
2021-02-19 20:29:38,78.06,33.25,3.70,2.69
2021-02-19 20:33:38,78.01,33.49,3.27,2.48
2021-02-19 20:37:38,78.07,33.46,3.52,2.43
2021-02-19 20:41:38,78.14,32.83,3.57,2.79
2021-02-19 20:45:38,78.10,33.24,3.35,2.92
2021-02-19 20:49:38,78.14,33.67,3.47,4.56
2021-02-19 20:53:38,78.15,33.59,3.33,3.56
2021-02-19 20:57:38,78.03,33.57,3.49,3.24
2021-02-19 21:01:38,78.09,33.35,3.52,3.16
2021-02-19 21:05:38,78.07,33.49,3.69,3.04
2021-02-19 21:09:38,78.02,33.66,3.78,3.37
2021-02-19 21:13:38,78.05,33.54,3.57,3.46
2021-02-19 21:17:38,77.96,33.77,4.02,3.15
2021-02-19 21:21:38,77.98,33.67,4.04,3.59
2021-02-19 21:25:38,78.00,33.59,3.52,2.79
2021-02-19 21:29:38,78.00,33.65,3.44,2.76
2021-02-19 21:33:38,78.00,33.61,3.66,2.86
2021-02-19 21:37:38,78.02,33.55,3.54,2.96
2021-02-19 21:41:38,78.05,33.49,3.54,3.21
2021-02-19 21:45:38,78.02,33.70,3.85,2.84
2021-02-19 21:49:38,78.05,33.52,3.64,3.00
2021-02-19 21:53:38,78.09,33.42,3.37,3.14
2021-02-19 21:57:38,78.11,33.55,3.73,3.24
2021-02-19 22:01:38,78.12,33.55,3.26,3.32
2021-02-19 22:05:38,78.13,33.57,3.57,3.88
2021-02-19 22:09:38,78.14,33.56,3.47,3.53
2021-02-19 22:13:38,78.16,33.87,3.42,4.09
2021-02-19 22:17:38,78.17,33.80,3.35,3.55
2021-02-19 22:21:38,78.25,33.74,3.59,3.90
2021-02-19 22:25:38,78.19,33.76,3.58,4.08
2021-02-19 22:29:38,78.19,33.73,3.37,3.76
2021-02-19 22:33:38,78.17,33.70,3.54,3.89
2021-02-19 22:37:38,78.13,33.75,3.47,3.79
2021-02-19 22:41:38,78.09,33.77,3.37,3.98
2021-02-19 22:45:38,78.12,33.68,3.14,3.40
2021-02-19 22:49:38,78.09,33.70,3.28,3.44
2021-02-19 22:53:38,78.12,33.58,3.29,3.55
2021-02-19 22:57:38,78.17,33.50,3.06,3.32
2021-02-19 23:01:38,77.93,33.86,3.42,3.67
2021-02-19 23:05:38,77.98,33.82,3.52,3.89
2021-02-19 23:09:38,78.22,33.65,3.16,3.60
2021-02-19 23:13:38,78.20,33.73,2.87,3.38
2021-02-19 23:17:38,78.08,33.82,3.16,3.67
2021-02-19 23:21:38,78.06,33.84,3.17,3.48
2021-02-19 23:25:38,78.13,33.81,3.37,3.71
2021-02-19 23:29:38,78.11,33.65,3.24,3.51
2021-02-19 23:33:38,78.10,33.71,3.14,3.44
2021-02-19 23:37:38,78.07,33.69,3.32,3.78
2021-02-19 23:41:38,78.13,33.61,3.09,3.27
2021-02-19 23:45:38,78.05,33.78,2.85,3.31
2021-02-19 23:49:38,78.11,33.70,3.43,3.53
2021-02-19 23:53:38,78.08,33.30,3.16,3.13
2021-02-19 23:57:38,78.07,33.96,3.14,3.32
2021-02-20 00:01:38,78.09,33.41,3.21,3.20
2021-02-20 00:05:38,78.12,33.66,3.26,3.36
2021-02-20 00:09:38,77.87,34.02,3.64,3.55
2021-02-20 00:13:38,78.04,33.63,3.31,3.26
2021-02-20 00:17:38,78.05,33.55,3.33,3.30
2021-02-20 00:21:38,77.91,33.89,3.49,3.14
2021-02-20 00:25:38,77.92,33.82,3.31,3.37
2021-02-20 00:29:38,78.02,33.39,3.01,2.81
2021-02-20 00:33:38,77.85,34.02,3.92,3.42
2021-02-20 00:37:38,77.94,33.87,3.51,3.39
2021-02-20 00:41:38,78.03,33.50,3.31,3.14
2021-02-20 00:45:38,77.95,33.80,3.49,3.52
2021-02-20 00:49:38,78.03,33.85,3.52,3.78
2021-02-20 00:53:38,78.05,33.88,3.33,3.95
2021-02-20 00:57:38,78.09,33.84,3.73,3.55
2021-02-20 01:01:38,78.10,33.71,3.19,3.44
2021-02-20 01:05:38,78.13,33.81,3.92,3.95
2021-02-20 01:09:38,78.01,33.93,3.59,3.70
2021-02-20 01:13:38,78.07,33.77,3.38,3.27
2021-02-20 01:17:38,78.07,33.78,3.14,3.47
2021-02-20 01:21:38,78.02,33.69,3.59,3.48
2021-02-20 01:25:38,78.02,33.71,3.37,3.36
2021-02-20 01:29:38,78.00,33.81,3.52,3.31
2021-02-20 01:33:38,78.00,33.83,3.49,3.38
2021-02-20 01:37:38,78.03,33.76,3.29,3.28
2021-02-20 01:41:38,78.03,33.66,3.16,3.27
2021-02-20 01:45:38,78.01,33.80,3.06,3.42
2021-02-20 01:49:38,78.06,33.78,3.24,3.42
2021-02-20 01:53:38,78.02,33.73,3.11,3.37
2021-02-20 01:57:38,78.07,33.84,3.37,3.53
2021-02-20 02:01:38,78.18,33.78,3.37,3.64
2021-02-20 02:05:38,78.06,33.85,3.49,3.64
2021-02-20 02:09:38,78.09,33.75,3.32,2.85
2021-02-20 02:13:38,78.02,33.94,3.54,3.85
2021-02-20 02:17:38,78.04,33.97,3.49,3.76
2021-02-20 02:21:38,78.10,33.66,3.21,3.19
2021-02-20 02:25:38,78.19,33.50,3.06,2.67
2021-02-20 02:29:38,78.06,33.84,3.42,3.54
2021-02-20 02:33:38,78.06,33.84,2.96,3.29
2021-02-20 02:37:38,78.17,33.41,2.69,2.71
2021-02-20 02:41:38,78.15,33.71,3.28,3.56
2021-02-20 02:45:38,78.06,33.92,3.12,3.59
2021-02-20 02:49:38,78.07,33.91,3.06,3.35
2021-02-20 02:53:38,78.13,33.83,3.61,3.60
2021-02-20 02:57:38,78.02,34.00,3.35,3.48
2021-02-20 03:01:38,78.00,33.97,3.52,3.81
2021-02-20 03:05:38,78.03,33.80,3.33,3.26
2021-02-20 03:09:38,78.07,33.61,2.92,2.44
2021-02-20 03:13:38,78.04,33.78,3.35,3.39
2021-02-20 03:17:38,78.02,33.83,3.21,3.18
2021-02-20 03:21:38,78.04,33.78,3.52,3.19
2021-02-20 03:25:38,78.08,33.64,3.16,2.96
2021-02-20 03:29:38,78.10,33.63,3.06,2.88
2021-02-20 03:33:38,78.12,33.75,2.89,3.03
2021-02-20 03:37:38,78.09,33.70,2.92,2.93
2021-02-20 03:41:38,78.09,33.70,3.26,2.89
2021-02-20 03:45:38,78.05,33.75,3.12,2.67
2021-02-20 03:49:38,78.07,33.50,3.42,2.25
2021-02-20 03:53:38,78.06,33.66,3.11,2.22
2021-02-20 03:57:38,78.11,33.29,3.42,2.30
2021-02-20 04:01:38,78.00,33.88,3.44,3.27
2021-02-20 04:05:38,77.97,33.87,3.44,2.44
2021-02-20 04:09:38,78.18,33.02,3.42,2.19
2021-02-20 04:13:38,78.11,33.14,3.56,2.22
2021-02-20 04:17:38,77.94,33.92,3.52,2.45
2021-02-20 04:21:38,78.14,33.29,3.76,2.52
2021-02-20 04:25:38,78.32,33.00,3.52,2.43
2021-02-20 04:29:38,77.93,33.92,3.92,3.49
2021-02-20 04:33:38,78.09,33.50,3.63,2.47
2021-02-20 04:37:38,78.23,33.14,3.57,2.34
2021-02-20 04:41:38,77.96,33.87,3.70,2.46
2021-02-20 04:45:38,78.16,33.26,3.29,2.38
2021-02-20 04:49:38,78.11,33.40,3.52,2.25
2021-02-20 04:53:38,78.05,33.61,3.49,2.15
2021-02-20 04:57:38,78.10,33.33,3.29,2.19
2021-02-20 05:01:38,78.08,33.39,3.54,2.20
2021-02-20 05:05:38,78.05,33.61,3.52,2.43
2021-02-20 05:09:38,78.11,33.38,3.49,2.49
2021-02-20 05:13:38,78.22,33.23,3.54,2.49
2021-02-20 05:17:38,78.07,33.74,3.73,2.71
2021-02-20 05:21:38,78.62,33.01,3.73,2.69
2021-02-20 05:25:38,78.45,33.08,3.76,2.75
2021-02-20 05:29:38,78.32,33.19,3.63,2.73
2021-02-20 05:33:38,78.21,33.31,3.63,2.45
2021-02-20 05:37:38,78.17,33.39,3.61,2.64
2021-02-20 05:41:38,78.13,33.42,3.68,2.51
2021-02-20 05:45:38,78.09,33.47,3.66,2.43
2021-02-20 05:49:38,77.89,33.93,3.64,2.69
2021-02-20 05:53:38,78.07,33.49,3.52,2.25
2021-02-20 05:57:38,78.05,33.54,3.57,2.52
2021-02-20 06:01:38,78.04,33.58,3.44,2.37
2021-02-20 06:05:38,77.97,33.77,3.87,2.87
2021-02-20 06:09:38,78.08,33.58,3.67,2.54
2021-02-20 06:13:38,78.04,33.62,3.73,2.56
2021-02-20 06:17:38,78.03,33.57,3.76,2.58
2021-02-20 06:21:38,78.03,33.63,3.51,2.52
2021-02-20 06:25:38,78.03,33.60,3.19,2.35
2021-02-20 06:29:38,78.04,33.58,3.78,2.22
2021-02-20 06:33:38,77.98,33.65,3.47,2.24
2021-02-20 06:37:38,78.30,33.20,3.83,2.64
2021-02-20 06:41:38,78.00,33.65,3.42,2.27
2021-02-20 06:45:38,77.99,33.70,3.71,2.49
2021-02-20 06:49:38,77.98,33.66,3.66,2.38
2021-02-20 06:53:38,77.99,33.67,3.83,2.48
2021-02-20 06:57:38,77.91,33.78,3.47,2.48
2021-02-20 07:01:38,77.85,33.93,3.64,2.74
2021-02-20 07:05:38,77.94,33.72,4.13,2.49
2021-02-20 07:09:38,77.85,33.90,3.59,2.75
2021-02-20 07:13:38,78.02,33.40,3.49,2.52
2021-02-20 07:17:38,77.99,33.54,3.78,2.49
2021-02-20 07:21:38,78.03,33.48,3.78,2.54
2021-02-20 07:25:38,78.06,33.46,3.21,2.10
2021-02-20 07:29:38,77.97,33.66,3.76,2.56
2021-02-20 07:33:38,77.97,33.69,5.89,2.55
2021-02-20 07:37:38,78.03,33.49,3.44,2.30
2021-02-20 07:41:38,77.95,33.64,3.56,2.40
2021-02-20 07:45:38,77.90,33.73,3.75,2.70
2021-02-20 07:49:38,77.84,33.86,3.64,2.49
2021-02-20 07:53:38,77.89,33.67,3.59,2.64
2021-02-20 07:57:38,77.83,33.87,3.85,2.53
2021-02-20 08:01:38,77.91,33.66,4.04,2.38
2021-02-20 08:05:38,77.90,33.30,3.74,2.42
2021-02-20 08:09:38,77.92,33.40,3.73,2.33
2021-02-20 08:13:38,77.93,33.03,3.97,2.36
2021-02-20 08:17:38,77.89,33.66,3.80,2.50
2021-02-20 08:21:38,77.87,33.74,3.71,2.33
2021-02-20 08:25:38,77.48,33.69,7.32,2.27
2021-02-20 08:29:38,77.43,33.45,7.93,1.68
2021-02-20 08:33:38,77.31,33.46,12.73,1.45
2021-02-20 08:37:38,77.30,33.20,8.82,1.79
2021-02-20 08:41:38,77.43,33.58,10.08,1.77
2021-02-20 08:45:38,77.46,33.54,7.18,1.69
2021-02-20 08:49:38,77.43,32.95,7.71,1.77
2021-02-20 08:53:38,77.43,33.09,8.07,1.81
2021-02-20 08:57:38,77.40,33.63,7.15,1.92
2021-02-20 09:01:38,77.45,33.66,6.96,2.14
2021-02-20 09:05:38,77.40,33.87,9.16,1.82
2021-02-20 09:09:38,77.51,33.40,5.73,2.04
2021-02-20 09:13:38,77.53,33.36,5.75,2.05
2021-02-20 09:17:38,77.49,33.65,5.22,1.92
2021-02-20 09:21:38,77.48,33.62,5.80,1.60
2021-02-20 09:25:38,77.46,33.65,5.13,1.77
2021-02-20 09:29:38,77.52,33.30,4.96,1.83
2021-02-20 09:33:38,77.52,33.12,4.16,2.42
2021-02-20 09:37:38,77.48,33.51,4.70,1.83
2021-02-20 09:41:38,77.62,32.98,4.45,1.92
2021-02-20 09:45:38,77.52,33.20,4.30,2.02
2021-02-20 09:49:38,77.49,33.48,4.30,2.02
2021-02-20 09:53:38,77.53,33.14,4.37,1.97
2021-02-20 09:57:38,77.55,33.09,4.59,1.93
2021-02-20 10:01:38,77.52,33.42,4.54,1.83
2021-02-20 10:05:38,77.55,33.28,3.83,2.34
2021-02-20 10:09:38,77.59,33.32,3.61,2.33
2021-02-20 10:13:38,77.63,33.27,4.54,1.95
2021-02-20 10:17:38,77.56,33.44,4.57,2.27
2021-02-20 10:21:38,77.67,33.37,4.42,2.15
2021-02-20 10:25:38,77.68,33.45,4.54,2.27
2021-02-20 10:29:38,77.58,33.64,4.80,2.61
2021-02-20 10:33:38,77.84,33.29,4.04,2.73
2021-02-20 10:37:38,77.77,33.48,3.90,2.58
2021-02-20 10:41:38,78.02,33.38,3.94,2.76
2021-02-20 10:45:38,77.83,33.08,5.17,2.10
2021-02-20 10:49:38,77.90,33.27,3.94,3.03
2021-02-20 10:53:38,77.78,33.08,5.68,2.04
2021-02-20 10:57:38,77.85,33.17,5.99,2.19
2021-02-20 11:01:38,77.81,33.21,5.22,2.29
2021-02-20 11:05:38,77.79,33.12,5.65,2.16
2021-02-20 11:09:38,77.61,32.94,5.73,2.19
2021-02-20 11:13:38,77.50,33.15,4.28,3.12
2021-02-20 11:17:38,77.70,33.02,4.56,1.98
2021-02-20 11:21:38,77.58,33.45,6.04,2.47
2021-02-20 11:25:38,77.71,32.83,5.03,2.58
2021-02-20 11:29:38,77.65,33.14,5.65,2.34
2021-02-20 11:33:38,77.67,32.90,4.75,1.62
2021-02-20 11:37:38,77.72,32.64,4.05,1.57
2021-02-20 11:41:38,77.69,33.01,4.53,1.56
2021-02-20 11:45:38,78.00,30.43,4.63,1.58
2021-02-20 11:49:38,77.98,31.31,4.56,1.66
2021-02-20 11:53:38,77.84,32.41,4.61,1.84
2021-02-20 11:57:38,77.71,33.18,4.77,1.73
2021-02-20 12:01:38,77.93,32.00,4.86,1.98
2021-02-20 12:05:38,77.89,32.80,5.05,2.54
2021-02-20 12:09:38,77.79,33.09,5.22,2.77
2021-02-20 12:13:38,78.29,29.47,4.49,1.76
2021-02-20 12:17:38,77.91,32.74,4.89,1.82
2021-02-20 12:21:38,77.78,33.34,4.44,1.73
2021-02-20 12:25:38,77.98,31.87,4.73,1.71
2021-02-20 12:29:38,77.90,32.17,5.27,1.87
2021-02-20 12:33:38,77.76,32.78,9.02,1.94
2021-02-20 12:37:38,77.82,32.38,7.01,2.10
2021-02-20 12:41:38,78.12,31.31,6.26,2.17
2021-02-20 12:45:38,78.03,31.98,4.56,2.18
2021-02-20 12:49:38,78.00,32.13,5.10,1.87
2021-02-20 12:53:38,77.90,32.68,4.89,2.01
2021-02-20 12:57:38,78.73,28.74,4.61,1.83
2021-02-20 13:01:38,77.96,32.89,4.66,1.86
2021-02-20 13:05:38,77.97,32.84,4.68,1.98
2021-02-20 13:09:38,77.92,33.00,4.54,2.00
2021-02-20 13:13:38,77.94,32.98,5.10,2.40
2021-02-20 13:17:38,77.82,33.28,5.90,2.65
2021-02-20 13:21:38,77.85,33.26,6.16,2.68
2021-02-20 13:25:38,77.87,33.20,5.39,3.06
2021-02-20 13:29:38,77.83,33.38,5.44,2.88
2021-02-20 13:33:38,77.89,33.24,5.34,3.27
2021-02-20 13:37:38,77.98,33.16,4.91,2.99
2021-02-20 13:41:38,77.90,33.21,4.96,4.37
2021-02-20 13:45:38,77.94,33.09,4.30,2.69
2021-02-20 13:49:38,77.85,33.45,4.75,4.41
2021-02-20 13:53:38,78.00,32.99,5.19,3.47
2021-02-20 13:57:38,78.08,32.76,4.28,2.48
2021-02-20 14:01:38,77.95,33.27,5.15,3.85
2021-02-20 14:05:38,78.06,33.05,4.66,3.35
2021-02-20 14:09:38,77.99,33.23,4.33,2.93
2021-02-20 14:13:38,78.04,33.12,4.32,3.07
2021-02-20 14:17:38,78.04,33.18,4.49,3.34
2021-02-20 14:21:38,78.41,31.93,4.15,3.03
2021-02-20 14:25:38,77.72,33.17,4.61,3.45
2021-02-20 14:29:38,77.88,33.38,4.23,4.36
2021-02-20 14:33:38,78.01,32.88,4.16,3.38
2021-02-20 14:37:38,77.95,32.80,4.28,3.95
2021-02-20 14:41:38,77.93,33.22,4.30,2.28
2021-02-20 14:45:38,78.02,33.10,4.23,3.26
2021-02-20 14:49:38,78.66,31.01,4.49,2.42
2021-02-20 14:53:38,78.08,33.22,4.52,4.55
2021-02-20 14:57:38,79.26,29.47,4.04,2.84
2021-02-20 15:01:38,78.03,33.14,4.07,4.80
2021-02-20 15:05:38,78.12,32.94,4.47,4.58
2021-02-20 15:09:38,78.50,31.82,4.68,4.12
2021-02-20 15:13:38,78.64,31.53,4.61,3.47
2021-02-20 15:17:38,78.44,31.87,4.73,3.81
2021-02-20 15:21:38,78.12,33.13,3.85,4.89
2021-02-20 15:25:38,78.18,33.08,4.61,3.72
2021-02-20 15:29:38,79.33,29.53,4.01,2.92
2021-02-20 15:33:38,78.47,32.16,4.04,2.98
2021-02-20 15:37:38,78.35,32.01,4.16,3.00
2021-02-20 15:41:38,79.26,30.08,3.99,3.15
2021-02-20 15:45:38,79.32,29.86,4.08,3.11
2021-02-20 15:49:38,78.86,31.35,6.54,3.42
2021-02-20 15:53:38,78.16,33.05,6.31,3.33
2021-02-20 15:57:38,78.17,32.82,14.95,2.66
2021-02-20 16:01:38,78.39,32.10,11.28,2.60
2021-02-20 16:05:38,77.99,33.17,10.83,3.07
2021-02-20 16:09:38,77.97,33.24,8.75,3.21
2021-02-20 16:13:38,77.92,33.38,8.24,3.08
2021-02-20 16:17:38,78.68,31.47,4.66,3.54
2021-02-20 16:21:38,78.20,32.85,5.46,3.72
2021-02-20 16:25:38,78.33,32.59,6.14,3.20
2021-02-20 16:29:38,79.48,29.48,4.44,2.69
2021-02-20 16:33:38,78.99,30.74,4.21,2.91
2021-02-20 16:37:38,78.73,31.55,6.19,3.19
2021-02-20 16:41:38,78.35,32.52,4.96,3.10
2021-02-20 16:45:38,78.27,32.66,5.87,3.29
2021-02-20 16:49:38,78.32,32.83,4.39,2.79
2021-02-20 16:53:38,78.26,32.79,5.34,3.21
2021-02-20 16:57:38,77.93,33.50,5.42,3.50
2021-02-20 17:01:38,78.31,32.53,4.80,3.02
2021-02-20 17:05:38,78.21,32.82,4.75,3.58
2021-02-20 17:09:38,78.47,32.16,4.91,2.98
2021-02-20 17:13:38,78.30,32.77,4.42,3.37
2021-02-20 17:17:38,78.39,32.44,4.68,3.26
2021-02-20 17:21:38,78.35,32.67,4.98,3.49
2021-02-20 17:25:38,78.41,32.36,4.73,3.48
2021-02-20 17:29:38,78.41,32.56,5.13,4.02
2021-02-20 17:33:38,78.32,32.69,4.56,3.60
2021-02-20 17:37:38,78.26,32.67,4.14,4.37
2021-02-20 17:41:38,78.19,32.94,4.54,3.65
2021-02-20 17:45:38,78.08,32.73,3.64,5.19
2021-02-20 17:49:38,78.03,32.86,4.56,4.25
2021-02-20 17:53:38,78.19,32.99,4.61,3.94
2021-02-20 17:57:38,78.06,32.76,4.91,4.06
2021-02-20 18:01:38,78.17,32.86,4.39,3.73
2021-02-20 18:05:38,78.05,33.28,4.28,3.71
2021-02-20 18:09:38,78.04,33.29,4.47,3.27
2021-02-20 18:13:38,78.32,32.73,4.53,3.65
2021-02-20 18:17:38,78.30,32.83,4.37,3.50
2021-02-20 18:21:38,78.19,33.00,4.61,3.98
2021-02-20 18:25:38,78.16,32.93,3.69,3.86
2021-02-20 18:29:38,77.92,32.60,3.14,3.85
2021-02-20 18:33:38,77.75,32.93,3.26,4.31
2021-02-20 18:37:38,77.73,33.00,3.31,4.99
2021-02-20 18:41:38,77.84,33.38,8.43,3.64
2021-02-20 18:45:38,77.82,33.37,14.00,3.26
2021-02-20 18:49:38,77.83,33.32,7.69,3.32
2021-02-20 18:53:38,77.81,33.14,12.70,2.74
2021-02-20 18:57:38,77.84,32.89,12.68,2.71
2021-02-20 19:01:38,77.68,33.67,12.20,2.81
2021-02-20 19:05:38,77.64,33.80,10.86,2.96
2021-02-20 19:09:38,77.80,33.38,7.30,3.18
2021-02-20 19:13:38,77.80,33.54,7.90,3.32
2021-02-20 19:17:38,77.74,33.66,7.62,3.27
2021-02-20 19:21:38,77.86,33.14,5.46,3.25
2021-02-20 19:25:38,77.79,33.46,5.10,3.43
2021-02-20 19:29:38,77.80,33.45,6.57,3.09
2021-02-20 19:33:38,77.78,32.49,3.76,3.55
2021-02-20 19:37:38,77.82,32.76,3.35,3.64
2021-02-20 19:41:38,77.85,33.20,3.85,3.76
2021-02-20 19:45:38,77.84,33.14,4.49,3.74
2021-02-20 19:49:38,77.90,33.07,5.25,3.39
2021-02-20 19:53:38,77.91,32.69,3.99,3.56
2021-02-20 19:57:38,77.86,33.26,5.34,3.06
2021-02-20 20:01:38,77.84,33.44,5.47,3.03
2021-02-20 20:05:38,77.89,32.97,4.23,3.14
2021-02-20 20:09:38,77.89,33.19,4.35,3.15
2021-02-20 20:13:38,77.87,33.32,5.32,3.08
2021-02-20 20:17:38,77.88,33.08,4.66,3.43
2021-02-20 20:21:38,77.97,32.88,3.73,3.44
2021-02-20 20:25:38,77.88,33.05,4.47,3.47
2021-02-20 20:29:38,77.89,33.12,4.66,3.13
2021-02-20 20:33:38,77.89,33.17,4.70,3.11
2021-02-20 20:37:38,77.82,32.94,3.19,3.66
2021-02-20 20:41:38,77.87,33.11,2.87,4.30
2021-02-20 20:45:38,77.86,33.30,3.76,4.09
2021-02-20 20:49:38,77.88,33.16,3.33,3.35
2021-02-20 20:53:38,77.85,33.28,3.16,3.70
2021-02-20 20:57:38,77.91,33.26,3.81,3.65
2021-02-20 21:01:38,77.88,33.34,3.80,3.95
2021-02-20 21:05:38,77.87,33.42,4.09,4.08
2021-02-20 21:09:38,77.90,33.27,3.47,3.61
2021-02-20 21:13:38,77.88,33.31,3.66,3.72
2021-02-20 21:17:38,77.89,33.30,3.39,3.56
2021-02-20 21:21:38,77.88,33.28,3.76,3.56
2021-02-20 21:25:38,77.84,33.19,3.55,3.77
2021-02-20 21:29:38,77.73,33.00,3.14,3.49
2021-02-20 21:33:38,77.89,33.39,4.21,3.91
2021-02-20 21:37:38,77.76,33.00,3.24,3.70
2021-02-20 21:41:38,77.80,33.18,2.89,3.57
2021-02-20 21:45:38,77.84,33.29,3.71,4.30
2021-02-20 21:49:38,77.85,33.35,3.59,4.12
2021-02-20 21:53:38,77.81,33.15,3.21,3.43
2021-02-20 21:57:38,77.87,33.30,3.51,3.74
2021-02-20 22:01:38,77.87,33.34,3.69,4.09
2021-02-20 22:05:38,77.84,33.01,3.33,2.84
2021-02-20 22:09:38,77.88,33.32,4.37,3.64
2021-02-20 22:13:38,77.74,33.55,3.73,3.58
2021-02-20 22:17:38,77.67,33.41,4.19,3.48
2021-02-20 22:21:38,77.74,33.21,4.44,2.80
2021-02-20 22:25:38,77.78,33.22,4.84,2.62
2021-02-20 22:29:38,77.75,33.19,4.86,2.40
2021-02-20 22:33:38,77.77,33.31,4.68,2.81
2021-02-20 22:37:38,77.76,33.39,4.44,2.40
2021-02-20 22:41:38,77.76,33.21,4.37,2.57
2021-02-20 22:45:38,77.79,33.30,4.44,2.33
2021-02-20 22:49:38,77.79,33.39,4.07,2.87
2021-02-20 22:53:38,77.74,33.32,4.18,2.48
2021-02-20 22:57:38,77.74,33.33,4.23,3.06
2021-02-20 23:01:38,77.75,33.39,4.06,2.79
2021-02-20 23:05:38,77.78,33.27,4.15,2.58
2021-02-20 23:09:38,77.79,33.43,4.32,2.59
2021-02-20 23:13:38,77.77,33.57,4.25,2.57
2021-02-20 23:17:38,77.75,33.43,4.04,2.48
2021-02-20 23:21:38,77.77,33.38,3.85,2.47
2021-02-20 23:25:38,77.78,33.51,4.18,2.50
2021-02-20 23:29:38,77.81,33.49,3.97,2.85
2021-02-20 23:33:38,77.81,33.52,4.09,2.90
2021-02-20 23:37:38,77.85,33.53,3.80,2.72
2021-02-20 23:41:38,77.78,33.34,3.61,2.77
2021-02-20 23:45:38,77.84,33.42,3.76,2.94
2021-02-20 23:49:38,77.93,33.58,3.87,3.14
2021-02-20 23:53:38,77.91,33.56,3.78,3.56
2021-02-20 23:57:38,77.92,33.51,3.71,3.77
2021-02-21 00:01:38,77.90,33.45,3.02,3.07
2021-02-21 00:05:38,77.97,33.70,3.40,3.52
2021-02-21 00:09:38,77.95,33.49,3.31,3.72
2021-02-21 00:13:38,77.87,33.19,2.92,3.26
2021-02-21 00:17:38,77.92,33.26,2.99,3.23
2021-02-21 00:21:38,77.92,33.44,2.60,3.62
2021-02-21 00:25:38,77.94,33.60,3.17,4.03
2021-02-21 00:29:38,77.98,33.46,3.37,3.64
2021-02-21 00:33:38,77.97,33.37,2.97,3.34
2021-02-21 00:37:38,77.99,33.38,2.97,3.64
2021-02-21 00:41:38,77.97,33.45,3.21,3.94
2021-02-21 00:45:38,78.01,33.60,3.12,3.26
2021-02-21 00:49:38,78.05,33.69,2.74,3.56
2021-02-21 00:53:38,78.02,33.63,2.67,3.43
2021-02-21 00:57:38,78.04,33.64,3.54,4.23
2021-02-21 01:01:38,78.01,33.65,3.54,4.35
2021-02-21 01:05:38,78.06,33.59,3.24,3.58
2021-02-21 01:09:38,78.04,33.73,3.42,4.08
2021-02-21 01:13:38,77.97,33.57,3.26,3.88
2021-02-21 01:17:38,77.93,33.54,3.31,3.86
2021-02-21 01:21:38,77.97,33.61,3.14,3.99
2021-02-21 01:25:38,77.96,33.56,3.29,3.89
2021-02-21 01:29:38,77.95,33.52,3.18,3.79
2021-02-21 01:33:38,78.02,33.57,3.26,4.13
2021-02-21 01:37:38,78.03,33.84,3.19,4.03
2021-02-21 01:41:38,78.02,33.60,3.24,3.95
2021-02-21 01:45:38,77.88,33.48,3.12,3.43
2021-02-21 01:49:38,77.97,33.61,3.11,3.77
2021-02-21 01:53:38,77.96,33.75,3.16,4.60
2021-02-21 01:57:38,77.98,33.58,3.29,3.88
2021-02-21 02:01:38,77.99,33.64,3.14,3.88
2021-02-21 02:05:38,77.98,33.69,3.37,4.35
2021-02-21 02:09:38,77.97,33.79,3.49,4.41
2021-02-21 02:13:38,77.95,33.68,3.35,4.28
2021-02-21 02:17:38,77.95,33.80,3.39,4.38
2021-02-21 02:21:38,77.90,33.76,3.33,4.14
2021-02-21 02:25:38,77.91,33.67,2.87,3.57
2021-02-21 02:29:38,77.89,33.72,3.29,4.03
2021-02-21 02:33:38,77.87,33.58,3.29,3.73
2021-02-21 02:37:38,77.87,33.60,2.97,3.35
2021-02-21 02:41:38,77.94,33.74,3.35,4.06
2021-02-21 02:45:38,77.87,33.72,3.83,4.25
2021-02-21 02:49:38,77.89,33.61,2.80,2.83
2021-02-21 02:53:38,78.01,33.70,2.89,3.46
2021-02-21 02:57:38,78.00,33.93,3.61,4.79
2021-02-21 03:01:38,77.90,33.51,3.24,3.72
2021-02-21 03:05:38,77.90,33.37,2.62,2.98
2021-02-21 03:09:38,78.03,33.78,3.33,4.12
2021-02-21 03:13:38,78.04,33.80,3.35,4.43
2021-02-21 03:17:38,77.93,33.48,2.84,3.20
2021-02-21 03:21:38,78.01,33.78,3.01,4.00
2021-02-21 03:25:38,77.94,33.60,2.79,3.04
2021-02-21 03:29:38,78.03,33.84,3.12,3.59
2021-02-21 03:33:38,77.94,33.69,2.75,3.70
2021-02-21 03:37:38,77.91,33.37,3.14,3.33
2021-02-21 03:41:38,78.02,33.70,3.33,3.67
2021-02-21 03:45:38,77.99,33.55,3.07,3.30
2021-02-21 03:49:38,77.78,33.21,3.31,2.36
2021-02-21 03:53:38,77.91,33.81,3.37,3.50
2021-02-21 03:57:38,77.81,33.27,3.31,3.37
2021-02-21 04:01:38,77.77,33.17,2.99,2.47
2021-02-21 04:05:38,77.88,33.56,3.26,2.82
2021-02-21 04:09:38,77.81,33.31,3.35,2.56
2021-02-21 04:13:38,77.86,33.79,3.45,2.55
2021-02-21 04:17:38,77.86,33.33,3.42,2.96
2021-02-21 04:21:38,77.93,33.04,3.39,2.30
2021-02-21 04:25:38,77.87,33.43,3.59,2.31
2021-02-21 04:29:38,77.88,33.16,3.45,2.40
2021-02-21 04:33:38,77.82,33.29,3.59,2.37
2021-02-21 04:37:38,77.84,33.49,3.49,2.41
2021-02-21 04:41:38,77.90,33.19,3.16,2.15
2021-02-21 04:45:38,77.90,33.24,3.37,2.14
2021-02-21 04:49:38,77.94,33.17,3.47,2.29
2021-02-21 04:53:38,77.94,33.15,3.29,2.09
2021-02-21 04:57:38,77.85,33.81,3.37,2.56
2021-02-21 05:01:38,78.01,33.17,3.37,2.41
2021-02-21 05:05:38,77.95,33.30,3.27,2.26
2021-02-21 05:09:38,77.88,33.63,3.40,2.65
2021-02-21 05:13:38,77.92,33.39,3.40,2.16
2021-02-21 05:17:38,78.02,33.22,3.52,2.45
2021-02-21 05:21:38,78.03,33.19,3.61,2.71
2021-02-21 05:25:38,77.96,33.38,3.70,2.63
2021-02-21 05:29:38,78.10,33.17,3.73,3.04
2021-02-21 05:33:38,78.05,33.19,3.83,3.26
2021-02-21 05:37:38,77.96,33.46,3.78,2.73
2021-02-21 05:41:38,77.94,33.43,3.40,2.40
2021-02-21 05:45:38,77.87,33.71,3.78,2.46
2021-02-21 05:49:38,77.93,33.51,3.47,2.44
2021-02-21 05:53:38,77.96,33.47,3.66,2.29
2021-02-21 05:57:38,77.87,33.71,3.68,2.49
2021-02-21 06:01:38,77.85,33.76,3.92,2.62
2021-02-21 06:05:38,77.90,33.44,3.51,2.61
2021-02-21 06:09:38,77.84,33.75,3.73,2.86
2021-02-21 06:13:38,77.84,33.73,3.76,2.63
2021-02-21 06:17:38,77.84,33.78,3.80,2.78
2021-02-21 06:21:38,77.83,33.75,4.11,2.85
2021-02-21 06:25:38,77.82,33.56,3.76,2.71
2021-02-21 06:29:38,77.81,33.74,3.74,2.70
2021-02-21 06:33:38,77.81,33.72,3.73,2.52
2021-02-21 06:37:38,77.85,33.62,3.90,2.37
2021-02-21 06:41:38,77.82,33.81,3.97,2.50
2021-02-21 06:45:38,77.84,33.70,3.69,2.56
2021-02-21 06:49:38,77.80,33.81,3.64,2.50
2021-02-21 06:53:38,77.78,33.87,3.88,2.87
2021-02-21 06:57:38,77.78,33.83,3.11,2.44
2021-02-21 07:01:38,77.80,33.73,3.52,2.54
2021-02-21 07:05:38,77.77,33.86,3.88,2.85
2021-02-21 07:09:38,77.78,33.54,3.16,2.81
2021-02-21 07:13:38,77.79,33.64,3.31,2.77
2021-02-21 07:17:38,77.81,33.68,3.61,2.90
2021-02-21 07:21:38,77.84,33.72,3.29,2.98
2021-02-21 07:25:38,77.85,33.65,3.19,2.65
2021-02-21 07:29:38,77.87,33.70,3.29,2.77
2021-02-21 07:33:38,77.84,33.59,3.49,2.78
2021-02-21 07:37:38,77.84,33.64,3.14,2.54
2021-02-21 07:41:38,77.83,33.45,3.02,2.47
2021-02-21 07:45:38,77.81,33.59,3.40,2.48
2021-02-21 07:49:38,77.84,33.58,3.35,2.53
2021-02-21 07:53:38,77.84,33.80,3.42,2.71
2021-02-21 07:57:38,77.86,33.52,3.21,2.45
2021-02-21 08:01:38,77.85,33.50,3.31,2.58
2021-02-21 08:05:38,77.88,33.70,3.29,2.70
2021-02-21 08:09:38,77.87,33.70,3.28,2.61
2021-02-21 08:13:38,77.84,33.44,3.02,2.68
2021-02-21 08:17:38,77.85,33.33,3.09,2.40
2021-02-21 08:21:38,77.86,33.80,3.26,2.91
2021-02-21 08:25:38,77.41,33.53,5.85,2.50
2021-02-21 08:29:38,77.27,33.00,7.97,1.98
2021-02-21 08:33:38,77.37,33.17,5.76,2.17
2021-02-21 08:37:38,77.27,33.02,8.22,1.89
2021-02-21 08:41:38,77.24,32.69,7.44,1.77
2021-02-21 08:45:38,77.31,33.49,10.67,1.60
2021-02-21 08:49:38,77.31,33.45,8.60,1.55
2021-02-21 08:53:38,77.45,33.58,7.59,1.65
2021-02-21 08:57:38,77.52,33.51,6.79,1.79
2021-02-21 09:01:38,77.56,33.53,5.51,2.02
2021-02-21 09:05:38,77.57,33.84,5.58,2.10
2021-02-21 09:09:38,77.56,33.54,5.30,2.04
2021-02-21 09:13:38,77.58,33.65,5.01,2.09
2021-02-21 09:17:38,77.68,34.02,4.98,2.19
2021-02-21 09:21:38,77.61,33.87,4.99,2.22
2021-02-21 09:25:38,77.63,33.76,5.61,2.28
2021-02-21 09:29:38,77.71,33.83,5.20,2.44
2021-02-21 09:33:38,77.70,33.69,4.83,2.38
2021-02-21 09:37:38,77.65,33.53,4.40,2.30
2021-02-21 09:41:38,77.69,33.88,4.47,2.20
2021-02-21 09:45:38,77.68,33.68,4.59,2.03
2021-02-21 09:49:38,77.69,33.61,4.04,2.10
2021-02-21 09:53:38,77.71,33.68,4.56,2.22
2021-02-21 09:57:38,77.70,33.63,4.07,2.36
2021-02-21 10:01:38,77.71,33.75,3.47,2.40
2021-02-21 10:05:38,77.74,33.59,3.80,2.38
2021-02-21 10:09:38,77.75,33.47,3.39,2.40
2021-02-21 10:13:38,77.73,33.68,3.92,2.64
2021-02-21 10:17:38,77.79,33.52,3.49,2.42
2021-02-21 10:21:38,77.75,33.63,3.31,2.39
2021-02-21 10:25:38,77.75,33.60,3.54,2.61
2021-02-21 10:29:38,77.76,33.41,3.35,2.57
2021-02-21 10:33:38,77.75,33.38,3.24,2.49
2021-02-21 10:37:38,77.76,33.66,3.16,2.50
2021-02-21 10:41:38,77.78,33.46,3.31,2.52
2021-02-21 10:45:38,77.73,33.63,3.37,2.58
2021-02-21 10:49:38,77.74,33.25,2.94,2.30
2021-02-21 10:53:38,77.77,33.64,3.83,2.51
2021-02-21 10:57:38,77.78,33.73,3.73,2.48
2021-02-21 11:01:38,77.81,33.48,3.40,2.55
2021-02-21 11:05:38,77.85,33.58,3.33,2.44
2021-02-21 11:09:38,77.81,33.30,3.47,1.79
2021-02-21 11:13:38,77.77,33.12,3.59,2.41
2021-02-21 11:17:38,77.79,33.50,3.61,2.35
2021-02-21 11:21:38,77.81,33.50,4.04,2.46
2021-02-21 11:25:38,77.74,33.47,4.06,2.63
2021-02-21 11:29:38,77.78,33.54,4.11,1.62
2021-02-21 11:33:38,77.85,33.72,3.94,2.60
2021-02-21 11:37:38,77.85,33.00,3.97,1.53
2021-02-21 11:41:38,78.06,29.67,3.87,1.63
2021-02-21 11:45:38,77.89,33.68,3.80,1.77
2021-02-21 11:49:38,77.93,33.62,3.99,2.18
2021-02-21 11:53:38,77.85,33.72,3.95,2.04
2021-02-21 11:57:38,77.81,33.68,4.07,2.82
2021-02-21 12:01:38,77.85,33.01,4.23,2.38
2021-02-21 12:05:38,77.61,33.47,8.60,1.97
2021-02-21 12:09:38,77.62,32.87,9.57,1.55
2021-02-21 12:13:38,77.67,32.28,9.72,1.29
2021-02-21 12:17:38,77.67,32.20,8.72,1.36
2021-02-21 12:21:38,77.62,33.20,9.27,1.54
2021-02-21 12:25:38,77.54,33.69,9.11,1.55
2021-02-21 12:29:38,77.91,31.55,4.13,1.61
2021-02-21 12:33:38,77.88,32.49,4.37,1.87
2021-02-21 12:37:38,77.79,33.12,4.52,1.60
2021-02-21 12:41:38,77.75,33.38,6.31,1.79
2021-02-21 12:45:38,77.74,33.48,5.65,2.08
2021-02-21 12:49:38,77.71,33.51,5.46,2.16
2021-02-21 12:53:38,77.73,33.42,5.49,2.16
2021-02-21 12:57:38,77.73,33.48,5.56,2.60
2021-02-21 13:01:38,77.75,33.40,5.27,2.64
2021-02-21 13:05:38,77.75,33.47,5.44,2.72
2021-02-21 13:09:38,77.80,33.20,3.56,3.24
2021-02-21 13:13:38,77.73,33.50,5.83,2.44
2021-02-21 13:17:38,77.75,33.35,5.49,2.51
2021-02-21 13:21:38,77.72,33.38,5.85,2.65
2021-02-21 13:25:38,77.75,33.35,5.22,2.60
2021-02-21 13:29:38,77.78,32.97,3.80,3.58
2021-02-21 13:33:38,77.65,33.60,4.50,3.18
2021-02-21 13:37:38,77.79,33.20,3.69,3.59
2021-02-21 13:41:38,77.77,33.09,3.71,3.90
2021-02-21 13:45:38,77.69,33.46,4.64,2.79
2021-02-21 13:49:38,77.73,33.35,4.49,2.97
2021-02-21 13:53:38,77.75,33.21,4.28,2.99
2021-02-21 13:57:38,77.72,33.44,4.89,2.93
2021-02-21 14:01:38,77.70,33.47,4.32,2.96
2021-02-21 14:05:38,77.72,33.39,4.02,3.66
2021-02-21 14:09:38,77.84,33.32,3.59,4.00
2021-02-21 14:13:38,77.79,33.57,3.89,3.65
2021-02-21 14:17:38,77.74,33.62,3.92,3.81
2021-02-21 14:21:38,77.79,33.54,3.83,3.96
2021-02-21 14:25:38,77.95,33.41,3.83,3.93
2021-02-21 14:29:38,78.03,33.49,3.83,4.14
2021-02-21 14:33:38,77.96,33.50,3.71,4.48
2021-02-21 14:37:38,77.89,33.13,4.02,4.09
2021-02-21 14:41:38,77.86,33.35,4.14,2.56
2021-02-21 14:45:38,77.90,33.35,4.04,3.98
2021-02-21 14:49:38,77.83,31.80,3.35,4.44
2021-02-21 14:53:38,77.94,32.79,3.21,5.21
2021-02-21 14:57:38,77.98,33.19,4.42,4.07
2021-02-21 15:01:38,77.98,32.96,4.01,4.39
2021-02-21 15:05:38,77.97,33.03,3.61,5.02
2021-02-21 15:09:38,77.88,33.06,3.26,4.41
2021-02-21 15:13:38,77.82,33.61,3.61,4.83
2021-02-21 15:17:38,77.88,33.14,3.56,4.80
2021-02-21 15:21:38,77.91,32.12,3.82,3.73
2021-02-21 15:25:38,77.87,33.40,3.85,4.48
2021-02-21 15:29:38,77.93,32.82,4.14,4.63
2021-02-21 15:33:38,77.91,33.10,4.31,4.30
2021-02-21 15:37:38,77.85,33.21,5.70,4.09
2021-02-21 15:41:38,77.88,32.84,10.79,2.98
2021-02-21 15:45:38,77.95,32.15,10.91,2.95
2021-02-21 15:49:38,77.93,32.23,11.48,2.51
2021-02-21 15:53:38,77.76,33.18,10.98,3.07
2021-02-21 15:57:38,77.83,33.06,6.84,3.55
2021-02-21 16:01:38,77.81,33.25,7.47,3.17
2021-02-21 16:05:38,77.89,33.06,6.36,3.15
2021-02-21 16:09:38,77.91,32.78,6.55,3.42
2021-02-21 16:13:38,77.86,33.12,5.92,3.57
2021-02-21 16:17:38,77.96,32.68,5.29,3.51
2021-02-21 16:21:38,78.01,32.59,5.15,3.55
2021-02-21 16:25:38,77.88,33.22,4.59,5.57
2021-02-21 16:29:38,77.95,32.92,4.82,4.58
2021-02-21 16:33:38,77.96,32.87,4.95,4.06
2021-02-21 16:37:38,77.85,33.37,5.17,3.74
2021-02-21 16:41:38,78.01,32.75,4.54,3.49
2021-02-21 16:45:38,77.90,33.12,4.93,3.92
2021-02-21 16:49:38,77.85,33.37,5.49,4.00
2021-02-21 16:53:38,78.14,32.10,4.52,3.23
2021-02-21 16:57:38,78.03,32.72,4.54,3.92
2021-02-21 17:01:38,78.06,32.64,4.40,2.75
2021-02-21 17:05:38,78.05,32.56,4.84,4.17
2021-02-21 17:09:38,77.99,32.76,3.92,5.42
2021-02-21 17:13:38,77.96,32.72,3.85,4.76
2021-02-21 17:17:38,77.96,32.63,3.83,5.57
2021-02-21 17:21:38,77.93,32.79,3.73,5.24
2021-02-21 17:25:38,78.07,31.02,4.02,3.41
2021-02-21 17:29:38,77.89,33.11,3.76,4.91
2021-02-21 17:33:38,77.96,32.92,4.16,3.22
2021-02-21 17:37:38,77.83,33.43,3.85,4.98
2021-02-21 17:41:38,77.90,33.04,4.04,4.60
2021-02-21 17:45:38,77.85,31.98,3.66,4.50
2021-02-21 17:49:38,77.88,32.72,3.56,5.59
2021-02-21 17:53:38,77.87,33.03,3.35,5.32
2021-02-21 17:57:38,77.81,32.36,3.37,5.00
2021-02-21 18:01:38,77.83,32.81,3.90,5.50
2021-02-21 18:05:38,77.84,32.83,3.09,5.51
2021-02-21 18:09:38,77.83,33.07,3.26,4.79
2021-02-21 18:13:38,77.66,32.42,3.02,5.49
2021-02-21 18:17:38,77.92,32.19,5.32,3.67
2021-02-21 18:21:38,77.86,32.66,4.93,4.50
2021-02-21 18:25:38,77.85,32.86,5.61,4.65
2021-02-21 18:29:38,77.85,32.96,6.16,4.26
2021-02-21 18:33:38,77.87,32.31,4.82,3.81
2021-02-21 18:37:38,77.85,32.85,5.10,3.98
2021-02-21 18:41:38,77.84,32.66,4.66,3.98
2021-02-21 18:45:38,77.85,32.85,6.07,3.55
2021-02-21 18:49:38,77.86,32.99,3.97,3.93
2021-02-21 18:53:38,77.84,33.09,5.08,3.60
2021-02-21 18:57:38,77.83,33.21,5.13,3.84
2021-02-21 19:01:38,77.88,32.83,4.11,3.66
2021-02-21 19:05:38,77.82,33.23,4.23,3.77
2021-02-21 19:09:38,77.86,32.88,3.95,4.03
2021-02-21 19:13:38,77.84,32.60,3.24,3.98
2021-02-21 19:17:38,77.85,32.51,3.19,3.88
2021-02-21 19:21:38,77.92,32.74,4.23,3.40
2021-02-21 19:25:38,77.91,32.85,4.04,3.34
2021-02-21 19:29:38,77.99,32.72,4.33,3.21
2021-02-21 19:33:38,77.95,32.68,3.76,3.33
2021-02-21 19:37:38,77.92,32.85,4.25,3.15
2021-02-21 19:41:38,77.96,32.78,4.02,2.85
2021-02-21 19:45:38,77.97,32.59,3.87,2.90
2021-02-21 19:49:38,77.92,32.91,3.71,2.80
2021-02-21 19:53:38,77.98,32.63,3.85,2.80
2021-02-21 19:57:38,77.95,32.86,4.02,2.92
2021-02-21 20:01:38,77.96,32.67,3.87,2.64
2021-02-21 20:05:38,77.86,32.94,4.02,3.12
2021-02-21 20:09:38,77.82,33.00,4.09,3.29
2021-02-21 20:13:38,77.86,32.84,3.90,2.96
2021-02-21 20:17:38,77.83,33.14,4.23,3.21
2021-02-21 20:21:38,77.84,32.96,3.61,2.91
2021-02-21 20:25:38,77.83,33.32,3.78,3.59
2021-02-21 20:29:38,77.83,33.21,3.78,3.84
2021-02-21 20:33:38,77.81,33.11,3.40,3.37
2021-02-21 20:37:38,77.80,33.33,3.33,3.90
2021-02-21 20:41:38,77.82,32.64,3.37,3.65
2021-02-21 20:45:38,77.81,32.74,3.33,3.42
2021-02-21 20:49:38,77.81,33.07,3.76,3.65
2021-02-21 20:53:38,77.80,33.09,3.24,3.40
2021-02-21 20:57:38,77.80,33.04,3.64,3.15
2021-02-21 21:01:38,77.82,32.94,3.57,3.04
2021-02-21 21:05:38,77.82,33.32,3.54,3.21
2021-02-21 21:09:38,77.81,33.31,3.59,3.77
2021-02-21 21:13:38,77.83,33.31,3.78,3.60
2021-02-21 21:17:38,77.83,33.27,3.71,3.37
2021-02-21 21:21:38,77.82,32.98,3.16,3.39
2021-02-21 21:25:38,77.80,33.27,3.01,3.66
2021-02-21 21:29:38,77.81,33.32,3.38,3.83
2021-02-21 21:33:38,77.76,33.07,2.97,3.57
2021-02-21 21:37:38,77.74,33.04,3.24,3.49
2021-02-21 21:41:38,77.78,33.27,3.09,3.64
2021-02-21 21:45:38,77.79,33.34,2.92,3.40
2021-02-21 21:49:38,77.74,33.03,3.11,3.18
2021-02-21 21:53:38,77.76,33.12,3.11,3.12
2021-02-21 21:57:38,77.78,33.10,3.54,3.45
2021-02-21 22:01:38,77.80,33.36,3.33,3.31
2021-02-21 22:05:38,77.80,33.37,3.35,3.58
2021-02-21 22:09:38,77.78,33.17,3.31,3.39
2021-02-21 22:13:38,77.77,32.90,3.26,3.45
2021-02-21 22:17:38,77.81,33.46,3.24,3.31
2021-02-21 22:21:38,77.82,33.42,3.21,3.30
2021-02-21 22:25:38,77.77,33.01,3.12,3.19
2021-02-21 22:29:38,77.80,33.41,3.71,3.50
2021-02-21 22:33:38,77.76,33.05,3.35,3.47
2021-02-21 22:37:38,77.81,33.36,3.44,3.42
2021-02-21 22:41:38,77.81,33.68,3.50,3.47
2021-02-21 22:45:38,77.81,33.24,3.43,3.31
2021-02-21 22:49:38,77.76,33.12,3.49,3.37
2021-02-21 22:53:38,77.91,33.72,3.78,3.90
2021-02-21 22:57:38,77.85,33.59,3.61,3.50
2021-02-21 23:01:38,77.81,33.26,3.42,3.36
2021-02-21 23:05:38,77.80,33.34,3.47,3.43
2021-02-21 23:09:38,77.82,33.45,3.61,3.42
2021-02-21 23:13:38,77.78,33.21,3.52,3.45
2021-02-21 23:17:38,77.79,33.28,3.33,3.43
2021-02-21 23:21:38,77.80,33.32,3.40,3.32
2021-02-21 23:25:38,77.82,33.48,2.97,3.21
2021-02-21 23:29:38,77.80,33.39,3.47,3.49
2021-02-21 23:33:38,77.79,33.32,3.04,3.13
2021-02-21 23:37:38,77.82,33.68,3.19,3.26
2021-02-21 23:41:38,77.81,33.54,3.19,3.49
2021-02-21 23:45:38,77.75,33.16,3.16,3.27
2021-02-21 23:49:38,77.84,33.56,3.59,3.46
2021-02-21 23:53:38,77.78,33.31,3.09,3.19
2021-02-21 23:57:38,77.81,33.44,3.21,3.19
2021-02-22 00:01:38,77.80,33.39,3.64,3.64
2021-02-22 00:05:38,77.77,33.26,3.14,3.10
2021-02-22 00:09:38,77.85,33.58,3.50,3.40
2021-02-22 00:13:38,77.83,33.49,3.59,3.56
2021-02-22 00:17:38,77.75,33.18,3.11,3.21
2021-02-22 00:21:38,77.87,33.59,3.35,3.49
2021-02-22 00:25:38,77.81,33.38,3.40,3.31
2021-02-22 00:29:38,77.82,33.44,3.45,3.54
2021-02-22 00:33:38,77.90,33.81,3.47,3.48
2021-02-22 00:37:38,77.82,33.43,3.04,3.28
2021-02-22 00:41:38,77.82,33.45,3.38,3.32
2021-02-22 00:45:38,77.95,33.83,3.54,3.88
2021-02-22 00:49:38,77.81,33.42,3.12,3.28
2021-02-22 00:53:38,77.78,33.31,3.26,3.20
2021-02-22 00:57:38,77.86,33.64,3.78,3.50
2021-02-22 01:01:38,77.80,33.42,3.54,3.44
2021-02-22 01:05:38,77.88,33.70,3.76,3.60
2021-02-22 01:09:38,77.80,33.48,3.47,3.55
2021-02-22 01:13:38,77.80,33.54,3.54,3.56
2021-02-22 01:17:38,77.80,33.52,3.19,3.28
2021-02-22 01:21:38,77.82,33.52,3.32,3.44
2021-02-22 01:25:38,77.82,33.50,3.26,3.33
2021-02-22 01:29:38,77.82,33.81,3.64,3.89
2021-02-22 01:33:38,77.83,33.51,3.21,3.25
2021-02-22 01:37:38,77.84,33.82,3.35,3.40
2021-02-22 01:41:38,77.84,33.64,3.19,3.45
2021-02-22 01:45:38,77.78,33.39,3.19,3.20
2021-02-22 01:49:38,77.80,33.62,3.26,3.39
2021-02-22 01:53:38,77.78,33.82,3.35,3.53
2021-02-22 01:57:38,77.82,33.44,3.45,3.04
2021-02-22 02:01:38,77.83,33.42,3.21,3.13
2021-02-22 02:05:38,77.81,33.73,3.06,3.25
2021-02-22 02:09:38,77.87,33.54,3.02,3.09
2021-02-22 02:13:38,77.88,33.59,3.11,3.13
2021-02-22 02:17:38,77.91,33.66,3.01,2.98
2021-02-22 02:21:38,77.83,33.87,3.35,3.39
2021-02-22 02:25:38,77.86,33.66,3.54,3.50
2021-02-22 02:29:38,77.85,33.68,3.56,3.38
2021-02-22 02:33:38,77.79,33.84,3.21,3.24
2021-02-22 02:37:38,77.81,33.60,3.40,3.43
2021-02-22 02:41:38,77.84,33.86,3.45,3.56
2021-02-22 02:45:38,77.81,33.61,3.49,3.53
2021-02-22 02:49:38,77.81,33.71,3.64,3.42
2021-02-22 02:53:38,77.82,33.78,3.59,3.59
2021-02-22 02:57:38,77.80,33.65,3.63,3.40
2021-02-22 03:01:38,77.82,33.73,3.83,3.61
2021-02-22 03:05:38,77.79,33.71,3.11,3.27
2021-02-22 03:09:38,77.85,33.78,3.24,3.25
2021-02-22 03:13:38,77.83,33.76,3.29,3.24
2021-02-22 03:17:38,77.82,33.80,3.42,3.32
2021-02-22 03:21:38,77.85,33.89,3.24,3.10
2021-02-22 03:25:38,77.90,33.82,3.35,3.23
2021-02-22 03:29:38,77.84,33.82,3.14,3.12
2021-02-22 03:33:38,77.83,33.87,3.54,3.62
2021-02-22 03:37:38,77.81,33.96,3.37,3.27
2021-02-22 03:41:38,77.82,33.56,3.31,3.19
2021-02-22 03:45:38,77.75,33.49,3.33,3.13
2021-02-22 03:49:38,77.79,33.87,3.54,3.18
2021-02-22 03:53:38,77.80,33.84,3.14,3.03
2021-02-22 03:57:38,77.81,33.66,3.06,2.93
2021-02-22 04:01:38,77.82,33.68,3.24,3.02
2021-02-22 04:05:38,77.86,33.71,3.04,3.18
2021-02-22 04:09:38,77.77,33.44,3.97,2.38
2021-02-22 04:13:38,77.83,33.63,3.04,2.86
2021-02-22 04:17:38,77.84,33.73,3.31,3.10
2021-02-22 04:21:38,77.81,33.57,3.26,3.08
2021-02-22 04:25:38,77.77,33.51,3.14,2.80
2021-02-22 04:29:38,77.78,33.59,3.11,2.86
2021-02-22 04:33:38,77.70,33.23,2.67,2.61
2021-02-22 04:37:38,77.77,33.49,2.91,2.74
2021-02-22 04:41:38,77.71,33.36,2.89,2.80
2021-02-22 04:45:38,77.74,33.43,2.77,2.62
2021-02-22 04:49:38,77.72,33.39,3.44,2.75
2021-02-22 04:53:38,77.67,32.67,3.56,2.63
2021-02-22 04:57:38,77.68,32.82,3.54,2.69
2021-02-22 05:01:38,77.75,33.50,3.56,2.81
2021-02-22 05:05:38,77.84,32.86,3.42,2.87
2021-02-22 05:09:38,78.16,32.38,3.85,2.96
2021-02-22 05:13:38,77.94,32.88,3.70,2.93
2021-02-22 05:17:38,78.17,32.57,4.11,3.21
2021-02-22 05:21:38,78.02,32.80,3.99,3.14
2021-02-22 05:25:38,78.19,32.51,3.88,3.23
2021-02-22 05:29:38,78.15,32.53,3.92,3.15
2021-02-22 05:33:38,78.13,32.50,3.76,3.23
2021-02-22 05:37:38,78.13,32.54,3.97,3.53
2021-02-22 05:41:38,78.08,32.68,3.92,3.33
2021-02-22 05:45:38,78.14,32.66,3.66,3.26
2021-02-22 05:49:38,77.95,32.94,3.64,3.15
2021-02-22 05:53:38,77.96,32.90,4.02,3.19
2021-02-22 05:57:38,77.92,32.96,3.88,2.98
2021-02-22 06:01:38,77.84,33.09,3.68,2.74
2021-02-22 06:05:38,77.85,33.13,3.56,2.71
2021-02-22 06:09:38,78.01,32.98,3.73,3.21
2021-02-22 06:13:38,77.94,33.12,3.85,3.34
2021-02-22 06:17:38,77.98,33.10,4.06,3.37
2021-02-22 06:21:38,77.88,33.27,3.73,2.69
2021-02-22 06:25:38,78.10,32.83,3.90,2.89
2021-02-22 06:29:38,78.00,33.01,4.04,2.91
2021-02-22 06:33:38,77.91,33.22,3.85,2.96
2021-02-22 06:37:38,77.85,32.99,4.06,3.21
2021-02-22 06:41:38,78.19,32.88,3.87,3.13
2021-02-22 06:45:38,77.85,33.46,3.88,2.87
2021-02-22 06:49:38,77.90,33.26,3.73,2.81
2021-02-22 06:53:38,78.00,33.13,3.66,3.16
2021-02-22 06:57:38,77.91,33.28,3.85,3.08
2021-02-22 07:01:38,77.94,33.27,3.92,3.06
2021-02-22 07:05:38,77.98,33.20,3.94,3.25
2021-02-22 07:09:38,77.93,33.29,3.92,3.01
2021-02-22 07:13:38,77.96,33.26,4.35,3.24
2021-02-22 07:17:38,78.00,33.20,4.06,2.81
2021-02-22 07:21:38,77.97,33.25,3.78,2.95
2021-02-22 07:25:38,77.77,33.76,3.73,2.33
2021-02-22 07:29:38,77.93,33.29,3.99,2.80
2021-02-22 07:33:38,77.83,33.53,4.11,2.75
2021-02-22 07:37:38,77.61,34.09,3.69,2.12
2021-02-22 07:41:38,77.88,33.41,3.83,2.67
2021-02-22 07:45:38,77.77,33.80,3.61,2.15
2021-02-22 07:49:38,77.74,33.81,3.40,2.11
2021-02-22 07:53:38,77.76,33.59,3.90,2.09
2021-02-22 07:57:38,77.77,33.53,3.52,1.94
2021-02-22 08:01:38,77.72,33.82,3.70,1.96
2021-02-22 08:05:38,77.72,33.89,3.63,1.90
2021-02-22 08:09:38,77.78,33.72,3.68,1.94
2021-02-22 08:13:38,77.77,33.65,3.59,2.14
2021-02-22 08:17:38,77.68,34.01,3.78,2.12
2021-02-22 08:21:38,77.82,33.30,3.59,2.05
2021-02-22 08:25:38,77.47,32.41,3.21,1.94
2021-02-22 08:29:38,77.71,33.88,3.57,2.02
2021-02-22 08:33:38,77.64,33.83,3.59,2.25
2021-02-22 08:37:38,77.59,33.59,3.49,1.55
2021-02-22 08:41:38,77.56,33.55,3.64,1.85
2021-02-22 08:45:38,77.55,33.88,4.28,2.05
2021-02-22 08:49:38,77.50,33.42,3.80,1.84
2021-02-22 08:53:38,77.42,33.59,3.78,1.57
2021-02-22 08:57:38,77.48,33.69,4.11,1.82
2021-02-22 09:01:38,77.45,33.20,3.92,1.70
2021-02-22 09:05:38,77.49,33.18,3.54,1.91
2021-02-22 09:09:38,77.51,33.47,3.76,1.92
2021-02-22 09:13:38,77.49,32.90,3.78,1.78
2021-02-22 09:17:38,77.57,33.34,3.06,2.11
2021-02-22 09:21:38,77.60,33.08,3.54,1.90
2021-02-22 09:25:38,77.54,32.96,3.31,1.19
2021-02-22 09:29:38,77.51,33.28,3.76,1.70
2021-02-22 09:33:38,77.51,33.41,3.85,1.79
2021-02-22 09:37:38,77.23,32.01,3.70,1.25
2021-02-22 09:41:38,77.45,33.26,3.97,2.11
2021-02-22 09:45:38,77.53,33.66,4.25,2.17
2021-02-22 09:49:38,77.11,31.22,4.04,1.24
2021-02-22 09:53:38,77.55,33.52,4.21,2.15
2021-02-22 09:57:38,77.61,33.67,3.97,2.21
2021-02-22 10:01:38,77.46,32.87,3.83,1.51
2021-02-22 10:05:38,77.60,33.61,3.90,2.15
2021-02-22 10:09:38,77.55,33.36,3.80,2.05
2021-02-22 10:13:38,77.61,33.65,3.76,2.06
2021-02-22 10:17:38,77.54,33.33,3.71,1.69
2021-02-22 10:21:38,77.57,33.49,3.71,1.56
2021-02-22 10:25:38,77.49,33.32,3.70,2.11
2021-02-22 10:29:38,77.59,33.73,3.59,2.19
2021-02-22 10:33:38,77.55,33.47,3.68,2.17
2021-02-22 10:37:38,77.57,33.62,3.78,1.99
2021-02-22 10:41:38,77.61,33.68,3.40,2.02
2021-02-22 10:45:38,77.65,33.36,3.56,1.41
2021-02-22 10:49:38,77.66,33.30,3.54,1.37
2021-02-22 10:53:38,77.66,32.64,3.61,1.52
2021-02-22 10:57:38,77.68,33.01,3.71,1.35
2021-02-22 11:01:38,77.76,33.34,3.71,1.47
2021-02-22 11:05:38,77.62,33.09,3.76,1.46
2021-02-22 11:09:38,77.54,30.45,3.71,1.47
2021-02-22 11:13:38,77.49,29.97,3.63,1.36
2021-02-22 11:17:38,77.73,33.46,3.59,1.82
2021-02-22 11:21:38,77.78,32.15,3.66,1.47
2021-02-22 11:25:38,77.70,33.30,3.95,1.53
2021-02-22 11:29:38,77.78,33.53,3.71,1.48
2021-02-22 11:33:38,77.76,31.03,3.52,1.30
2021-02-22 11:37:38,77.88,33.51,3.73,1.42
2021-02-22 11:41:38,77.94,32.11,3.59,1.59
2021-02-22 11:45:38,77.96,30.89,3.71,1.77
2021-02-22 11:49:38,78.00,33.58,3.59,1.62
2021-02-22 11:53:38,77.99,32.96,3.85,1.54
2021-02-22 11:57:38,78.05,30.81,3.59,1.36
2021-02-22 12:01:38,78.01,32.74,4.05,1.71
2021-02-22 12:05:38,78.08,32.17,3.61,1.46
2021-02-22 12:09:38,78.16,30.80,3.76,1.58
2021-02-22 12:13:38,77.86,33.39,3.78,1.72
2021-02-22 12:17:38,78.27,30.95,3.64,1.79
2021-02-22 12:21:38,78.29,30.95,3.87,1.43
2021-02-22 12:25:38,77.73,33.66,4.09,1.72
2021-02-22 12:29:38,77.96,33.26,3.85,1.45
2021-02-22 12:33:38,77.64,33.70,3.77,1.72
2021-02-22 12:37:38,77.84,33.39,3.73,1.65
2021-02-22 12:41:38,77.76,33.49,3.40,1.42
2021-02-22 12:45:38,77.83,33.65,3.76,2.43
2021-02-22 12:49:38,77.96,32.56,3.78,1.84
2021-02-22 12:53:38,77.89,33.56,3.90,1.94
2021-02-22 12:57:38,78.11,33.60,3.39,1.58
2021-02-22 13:01:38,78.16,31.21,3.64,1.72
2021-02-22 13:05:38,78.24,31.27,3.52,1.53
2021-02-22 13:09:38,77.46,33.72,3.26,1.71
2021-02-22 13:13:38,77.65,33.18,3.78,1.69
2021-02-22 13:17:38,77.70,33.30,3.73,2.43
2021-02-22 13:21:38,77.67,33.54,3.54,2.32
2021-02-22 13:25:38,77.55,33.68,3.61,2.44
2021-02-22 13:29:38,77.69,33.55,3.42,2.23
2021-02-22 13:33:38,77.64,33.62,3.97,2.59
2021-02-22 13:37:38,77.64,33.63,3.49,2.42
2021-02-22 13:41:38,77.63,33.69,3.54,2.42
2021-02-22 13:45:38,77.74,33.50,3.87,2.57
2021-02-22 13:49:38,77.92,33.19,4.86,2.40
2021-02-22 13:53:38,77.91,32.97,3.42,2.05
2021-02-22 13:57:38,77.81,33.42,3.85,2.66
2021-02-22 14:01:38,77.75,33.59,3.83,2.58
2021-02-22 14:05:38,77.87,33.27,3.57,2.02
2021-02-22 14:09:38,77.82,33.48,3.94,3.04
2021-02-22 14:13:38,77.75,33.64,3.78,2.85
2021-02-22 14:17:38,77.77,33.65,4.04,2.92
2021-02-22 14:21:38,77.78,33.64,3.83,3.13
2021-02-22 14:25:38,77.80,33.65,3.92,3.07
2021-02-22 14:29:38,77.95,33.60,3.56,3.15
2021-02-22 14:33:38,78.17,33.51,3.56,3.18
2021-02-22 14:37:38,78.02,33.76,3.31,2.14
2021-02-22 14:41:38,78.19,33.57,3.78,2.00
2021-02-22 14:45:38,78.59,30.48,3.56,1.85
2021-02-22 14:49:38,78.18,33.09,3.78,1.81
2021-02-22 14:53:38,78.40,32.45,3.85,2.09
2021-02-22 14:57:38,78.12,33.57,3.87,2.18
2021-02-22 15:01:38,78.25,33.11,3.66,2.10
2021-02-22 15:05:38,78.08,33.89,3.80,2.33
2021-02-22 15:09:38,78.09,33.89,4.16,2.97
2021-02-22 15:13:38,78.06,33.77,3.66,2.61
2021-02-22 15:17:38,78.00,33.80,3.90,2.34
2021-02-22 15:21:38,77.95,33.71,3.90,3.37
2021-02-22 15:25:38,77.98,33.74,4.04,3.01
2021-02-22 15:29:38,78.31,31.05,3.31,2.03
2021-02-22 15:33:38,77.93,33.65,3.61,2.44
2021-02-22 15:37:38,78.04,33.70,3.83,2.60
2021-02-22 15:41:38,78.22,33.61,3.68,2.33
2021-02-22 15:45:38,78.32,32.87,3.35,2.20
2021-02-22 15:49:38,78.65,31.38,3.78,2.28
2021-02-22 15:53:38,78.29,33.64,3.78,2.51
2021-02-22 15:57:38,78.86,29.69,3.71,2.14
2021-02-22 16:01:38,78.21,33.82,3.68,2.32
2021-02-22 16:05:38,78.17,33.89,4.11,3.66
2021-02-22 16:09:38,78.44,33.18,3.66,2.49
2021-02-22 16:13:38,78.37,32.96,3.24,2.25
2021-02-22 16:17:38,78.50,32.14,3.46,2.29
2021-02-22 16:21:38,78.18,33.43,3.64,2.43
2021-02-22 16:25:38,78.20,33.54,3.49,2.28
2021-02-22 16:29:38,78.15,33.55,3.57,2.63
2021-02-22 16:33:38,78.04,33.84,3.97,2.80
2021-02-22 16:37:38,78.40,33.35,3.47,2.85
2021-02-22 16:41:38,78.17,33.47,3.59,2.67
2021-02-22 16:45:38,78.20,33.39,3.66,2.54
2021-02-22 16:49:38,78.85,29.92,3.61,2.48
2021-02-22 16:53:38,78.25,33.48,3.85,2.60
2021-02-22 16:57:38,78.43,33.50,3.64,2.50
2021-02-22 17:01:38,78.12,33.57,3.68,3.01
2021-02-22 17:05:38,78.20,33.54,3.83,3.34
2021-02-22 17:09:38,78.32,33.47,5.89,3.01
2021-02-22 17:13:38,78.34,33.12,3.66,3.01
2021-02-22 17:17:38,78.09,33.68,4.38,3.58
2021-02-22 17:21:38,78.13,33.55,3.42,2.97
2021-02-22 17:25:38,78.20,33.55,3.76,2.58
2021-02-22 17:29:38,78.52,30.75,3.71,2.57
2021-02-22 17:33:38,78.32,32.10,3.54,2.73
2021-02-22 17:37:38,78.27,33.28,3.83,3.22
2021-02-22 17:41:38,78.53,31.64,3.89,2.87
2021-02-22 17:45:38,78.35,32.99,3.92,2.99
2021-02-22 17:49:38,78.32,32.81,3.49,3.27
2021-02-22 17:53:38,78.46,32.14,3.92,2.96
2021-02-22 17:57:38,78.23,33.44,3.61,3.76
2021-02-22 18:01:38,78.31,32.93,3.87,3.08
2021-02-22 18:05:38,78.61,31.29,3.64,2.58
2021-02-22 18:09:38,78.17,33.48,3.47,3.48
2021-02-22 18:13:38,78.08,33.34,3.49,2.98
2021-02-22 18:17:38,78.18,30.67,3.59,2.73
2021-02-22 18:21:38,78.10,32.72,3.59,2.71
2021-02-22 18:25:38,78.05,32.98,4.04,3.19
2021-02-22 18:29:38,77.99,33.19,3.83,2.74
2021-02-22 18:33:38,78.15,33.32,3.83,3.58
2021-02-22 18:37:38,78.09,33.44,3.95,3.77
2021-02-22 18:41:38,78.05,33.46,4.23,3.53
2021-02-22 18:45:38,78.06,33.29,3.06,3.82
2021-02-22 18:49:38,78.07,33.14,3.66,3.60
2021-02-22 18:53:38,78.07,33.34,3.66,4.01
2021-02-22 18:57:38,78.30,32.74,3.45,3.61
2021-02-22 19:01:38,78.04,33.51,3.44,3.15
2021-02-22 19:05:38,78.08,33.23,3.35,3.07
2021-02-22 19:09:38,78.11,33.02,3.52,2.93
2021-02-22 19:13:38,78.07,33.35,3.37,2.91
2021-02-22 19:17:38,78.01,33.57,3.52,2.91
2021-02-22 19:21:38,77.99,33.53,3.80,2.84
2021-02-22 19:25:38,77.96,33.31,3.70,3.43
2021-02-22 19:29:38,78.00,33.18,3.78,3.25
2021-02-22 19:33:38,77.95,33.30,3.93,2.87
2021-02-22 19:37:38,77.94,33.55,3.90,3.46
2021-02-22 19:41:38,77.95,33.26,4.06,2.87
2021-02-22 19:45:38,77.86,33.85,3.47,3.08
2021-02-22 19:49:38,77.92,32.86,3.49,2.76
2021-02-22 19:53:38,77.94,32.84,3.52,2.60
2021-02-22 19:57:38,77.93,33.14,3.52,2.97
2021-02-22 20:01:38,77.78,33.82,4.68,2.44
2021-02-22 20:05:38,77.87,33.08,3.56,2.79
2021-02-22 20:09:38,77.91,33.08,3.63,2.79
2021-02-22 20:13:38,77.91,33.68,3.14,2.80
2021-02-22 20:17:38,77.97,33.54,3.47,2.65
2021-02-22 20:21:38,77.85,33.83,3.54,3.10
2021-02-22 20:25:38,78.00,33.53,3.87,2.86
2021-02-22 20:29:38,77.93,33.53,3.16,2.57
2021-02-22 20:33:38,77.90,33.57,3.28,2.61
2021-02-22 20:37:38,77.93,33.42,3.33,2.63
2021-02-22 20:41:38,77.80,33.69,3.52,2.56
2021-02-22 20:45:38,77.94,33.65,3.06,2.62
2021-02-22 20:49:38,77.84,33.55,3.19,2.87
2021-02-22 20:53:38,77.89,33.52,3.24,2.68
2021-02-22 20:57:38,77.85,33.51,3.26,2.76
2021-02-22 21:01:38,77.79,33.84,2.91,2.55
2021-02-22 21:05:38,77.81,33.64,3.12,2.58
2021-02-22 21:09:38,77.82,33.56,3.21,2.42
2021-02-22 21:13:38,77.82,33.51,3.29,2.57
2021-02-22 21:17:38,77.83,33.68,3.47,2.63
2021-02-22 21:21:38,77.93,33.87,3.31,2.61
2021-02-22 21:25:38,77.99,33.78,2.94,2.49
2021-02-22 21:29:38,77.89,33.52,3.28,2.48
2021-02-22 21:33:38,77.93,33.76,3.16,2.62
2021-02-22 21:37:38,77.87,33.55,3.04,2.54
2021-02-22 21:41:38,77.60,34.00,3.16,2.31
2021-02-22 21:45:38,77.83,33.77,3.24,2.71
2021-02-22 21:49:38,77.87,33.59,3.40,2.56
2021-02-22 21:53:38,77.89,33.65,3.21,2.55
2021-02-22 21:57:38,78.01,33.92,3.31,2.68
2021-02-22 22:01:38,78.06,33.83,3.14,2.56
2021-02-22 22:05:38,78.08,33.77,3.21,2.51
2021-02-22 22:09:38,78.21,33.95,3.26,2.63
2021-02-22 22:13:38,78.17,33.75,3.26,2.46
2021-02-22 22:17:38,78.25,33.84,3.45,2.56
2021-02-22 22:21:38,78.14,33.70,3.11,2.49
2021-02-22 22:25:38,78.17,33.79,3.19,2.52
2021-02-22 22:29:38,78.16,33.77,3.21,2.55
2021-02-22 22:33:38,77.96,33.63,2.94,2.96
2021-02-22 22:37:38,78.04,33.93,3.14,2.61
2021-02-22 22:41:38,77.86,34.00,3.75,2.89
2021-02-22 22:45:38,78.04,33.80,3.16,2.47
2021-02-22 22:49:38,77.99,33.85,3.24,2.52
2021-02-22 22:53:38,78.01,33.92,3.26,2.49
2021-02-22 22:57:38,78.01,33.80,3.26,2.62
2021-02-22 23:01:38,78.00,33.78,3.16,2.50
2021-02-22 23:05:38,78.07,33.85,3.16,2.53
2021-02-22 23:09:38,77.96,33.66,2.92,2.41
2021-02-22 23:13:38,77.93,33.75,3.19,2.48
2021-02-22 23:17:38,77.88,33.68,2.99,2.44
2021-02-22 23:21:38,77.86,33.71,2.99,2.44
2021-02-22 23:25:38,77.91,33.80,3.04,2.38
2021-02-22 23:29:38,77.78,33.53,2.72,2.31
2021-02-22 23:33:38,77.90,33.90,3.14,2.40
2021-02-22 23:37:38,77.81,33.73,3.01,2.36
2021-02-22 23:41:38,77.81,33.76,3.16,2.30
2021-02-22 23:45:38,77.88,33.95,3.16,2.51
2021-02-22 23:49:38,77.74,33.72,3.23,2.54
2021-02-22 23:53:38,77.70,33.66,2.99,2.36
2021-02-22 23:57:38,77.79,33.95,2.79,2.56
2021-02-23 00:01:38,77.73,33.81,2.89,2.40
2021-02-23 00:05:38,77.79,33.82,3.37,2.58
2021-02-23 00:09:38,77.62,33.83,3.24,2.40
2021-02-23 00:13:38,77.67,33.79,2.77,2.26
2021-02-23 00:17:38,77.65,33.77,2.55,2.36
2021-02-23 00:21:38,77.58,33.60,2.96,2.25
2021-02-23 00:25:38,77.78,33.87,3.21,2.51
2021-02-23 00:29:38,77.54,33.46,3.26,2.39
2021-02-23 00:33:38,77.86,33.91,3.33,2.29
2021-02-23 00:37:38,77.58,33.48,2.94,2.39
2021-02-23 00:41:38,77.94,33.81,3.09,2.32
2021-02-23 00:45:38,77.91,33.99,3.71,2.53
2021-02-23 00:49:38,77.89,33.95,3.68,2.27
2021-02-23 00:53:38,77.95,33.96,3.23,2.43
2021-02-23 00:57:38,77.76,33.66,3.29,2.30
2021-02-23 01:01:38,77.89,33.87,3.42,2.37
2021-02-23 01:05:38,77.84,34.05,3.64,2.61
2021-02-23 01:09:38,77.87,33.83,3.47,2.40
2021-02-23 01:13:38,77.77,33.75,4.14,2.76
2021-02-23 01:17:38,77.82,34.02,3.97,2.53
2021-02-23 01:21:38,77.78,34.13,3.95,2.75
2021-02-23 01:25:38,77.82,33.86,3.95,2.50
2021-02-23 01:29:38,77.78,33.79,4.25,2.65
2021-02-23 01:33:38,77.81,33.94,3.39,2.52
2021-02-23 01:37:38,77.88,34.12,3.59,2.39
2021-02-23 01:41:38,77.89,34.04,3.90,2.68
2021-02-23 01:45:38,78.02,33.71,3.35,2.31
2021-02-23 01:49:38,77.88,33.93,3.59,2.41
2021-02-23 01:53:38,77.82,34.06,4.04,2.62
2021-02-23 01:57:38,77.96,33.69,3.26,2.36
2021-02-23 02:01:38,77.98,33.76,3.40,2.21
2021-02-23 02:05:38,77.78,33.90,3.50,2.31
2021-02-23 02:09:38,77.94,33.82,2.94,2.13
2021-02-23 02:13:38,77.88,33.87,3.29,2.27
2021-02-23 02:17:38,77.87,33.86,3.24,2.14
2021-02-23 02:21:38,77.94,33.79,3.40,2.37
2021-02-23 02:25:38,77.91,33.86,3.31,2.52
2021-02-23 02:29:38,77.98,33.84,3.31,2.50
2021-02-23 02:33:38,77.81,33.94,4.16,2.62
2021-02-23 02:37:38,77.90,33.81,3.52,2.39
2021-02-23 02:41:38,78.02,33.84,3.42,2.39
2021-02-23 02:45:38,77.83,33.95,3.54,2.38
2021-02-23 02:49:38,77.93,33.81,3.85,2.44
2021-02-23 02:53:38,77.88,33.75,3.43,2.31
2021-02-23 02:57:38,77.81,33.97,3.52,2.48
2021-02-23 03:01:38,77.77,34.03,4.18,2.62
2021-02-23 03:05:38,77.73,33.61,3.24,1.64
2021-02-23 03:09:38,78.07,33.72,3.04,2.13
2021-02-23 03:13:38,77.89,33.87,2.87,2.03
2021-02-23 03:17:38,76.00,29.41,3.26,1.51
2021-02-23 03:21:38,77.81,33.60,3.14,1.68
2021-02-23 03:25:38,77.86,33.75,3.31,2.21
2021-02-23 03:29:38,77.97,33.83,3.14,2.09
2021-02-23 03:33:38,77.08,32.16,3.44,1.54
2021-02-23 03:37:38,77.73,33.79,3.43,1.59
2021-02-23 03:41:38,77.84,33.63,3.33,1.79
2021-02-23 03:45:38,77.85,33.59,3.14,1.68
2021-02-23 03:49:38,77.53,33.54,3.37,1.48
2021-02-23 03:53:38,77.91,33.78,3.33,2.00
2021-02-23 03:57:38,77.67,33.52,3.04,1.51
2021-02-23 04:01:38,78.00,33.86,3.28,1.87
2021-02-23 04:05:38,77.94,33.85,3.09,1.59
2021-02-23 04:09:38,77.56,33.12,3.31,1.60
2021-02-23 04:13:38,77.90,33.71,3.29,1.67
2021-02-23 04:17:38,77.78,33.58,3.14,1.79
2021-02-23 04:21:38,77.82,33.78,3.26,1.63
2021-02-23 04:25:38,76.54,30.70,3.17,1.51
2021-02-23 04:29:38,76.50,30.81,3.02,1.46
2021-02-23 04:33:38,77.44,33.03,3.40,1.76
2021-02-23 04:37:38,76.41,30.50,3.28,1.41
2021-02-23 04:41:38,75.96,29.46,3.26,1.49
2021-02-23 04:45:38,77.24,32.41,3.21,1.68
2021-02-23 04:49:38,77.10,31.92,3.07,1.73
2021-02-23 04:53:38,77.42,33.03,3.32,1.66
2021-02-23 04:57:38,76.73,31.52,3.33,1.59
2021-02-23 05:01:38,76.23,30.17,3.35,1.60
2021-02-23 05:05:38,76.08,30.16,3.19,1.51
2021-02-23 05:09:38,76.83,31.70,3.31,1.60
2021-02-23 05:13:38,76.23,30.50,3.22,1.64
2021-02-23 05:17:38,76.83,31.84,3.33,1.59
2021-02-23 05:21:38,77.88,33.65,3.24,1.51
2021-02-23 05:25:38,77.90,33.64,3.24,1.78
2021-02-23 05:29:38,76.83,31.40,3.45,1.62
2021-02-23 05:33:38,77.30,32.60,3.29,1.76
2021-02-23 05:37:38,77.31,32.56,3.31,1.62
2021-02-23 05:41:38,77.48,33.03,3.42,1.54
2021-02-23 05:45:38,76.16,30.04,3.29,1.48
2021-02-23 05:49:38,76.11,29.98,3.31,1.49
2021-02-23 05:53:38,77.22,32.46,3.42,1.64
2021-02-23 05:57:38,76.05,29.86,3.40,1.58
2021-02-23 06:01:38,76.21,30.06,3.45,1.55
2021-02-23 06:05:38,76.43,30.42,3.19,1.60
2021-02-23 06:09:38,76.91,31.10,3.31,1.65
2021-02-23 06:13:38,76.63,30.56,3.11,1.54
2021-02-23 06:17:38,77.67,33.75,3.31,1.72
2021-02-23 06:21:38,77.77,33.54,3.37,1.69
2021-02-23 06:25:38,77.36,32.69,3.14,1.68
2021-02-23 06:29:38,77.57,33.00,3.31,1.62
2021-02-23 06:33:38,76.93,31.73,3.14,1.65
2021-02-23 06:37:38,77.20,32.41,3.22,1.60
2021-02-23 06:41:38,77.52,33.10,3.27,1.84
2021-02-23 06:45:38,77.62,33.34,3.31,1.87
2021-02-23 06:49:38,77.44,33.32,3.29,1.63
2021-02-23 06:53:38,76.35,30.70,3.26,1.52
2021-02-23 06:57:38,77.46,33.39,3.26,1.56
2021-02-23 07:01:38,77.49,33.59,3.14,1.55
2021-02-23 07:05:38,77.38,33.16,3.26,1.57
2021-02-23 07:09:38,76.59,31.16,3.31,1.36
2021-02-23 07:13:38,77.57,33.69,3.45,1.53
2021-02-23 07:17:38,77.72,33.82,3.24,1.68
2021-02-23 07:21:38,77.65,33.83,3.29,1.70
2021-02-23 07:25:38,77.51,33.58,3.09,1.60
2021-02-23 07:29:38,77.52,33.25,3.40,1.30
2021-02-23 07:33:38,77.51,33.50,3.42,1.78
2021-02-23 07:37:38,77.48,33.47,3.07,1.66
2021-02-23 07:41:38,76.30,30.83,2.97,1.30
2021-02-23 07:45:38,77.26,32.87,4.68,1.28
2021-02-23 07:49:38,77.30,33.56,3.83,1.41
2021-02-23 07:53:38,77.07,33.36,4.13,1.35
2021-02-23 07:57:38,76.99,33.03,4.63,1.35
2021-02-23 08:01:38,77.23,33.27,3.73,1.25
2021-02-23 08:05:38,77.13,32.98,3.83,1.32
2021-02-23 08:09:38,77.27,33.18,4.37,1.64
2021-02-23 08:13:38,77.34,33.34,5.34,1.76
2021-02-23 08:17:38,77.64,33.42,5.68,1.72
2021-02-23 08:21:38,77.60,33.57,3.88,1.77
2021-02-23 08:25:38,77.61,33.59,3.81,1.81
2021-02-23 08:29:38,77.55,33.36,3.88,1.68
2021-02-23 08:33:38,77.55,33.54,3.33,1.23
2021-02-23 08:37:38,77.51,33.87,3.71,1.64
2021-02-23 08:41:38,77.53,33.66,3.54,1.69
2021-02-23 08:45:38,77.39,33.37,3.40,1.16
2021-02-23 08:49:38,77.41,33.63,9.67,1.65
2021-02-23 08:53:38,77.33,33.20,3.35,1.18
2021-02-23 08:57:38,77.37,33.23,3.83,1.63
2021-02-23 09:01:38,77.31,33.40,4.16,1.48
2021-02-23 09:05:38,77.27,33.42,3.42,1.30
2021-02-23 09:09:38,77.34,33.80,5.03,1.54
2021-02-23 09:13:38,77.30,33.56,3.50,1.25
2021-02-23 09:17:38,77.33,33.69,3.76,1.66
2021-02-23 09:21:38,77.33,33.60,4.18,1.65
2021-02-23 09:25:38,77.38,33.73,3.75,1.70
2021-02-23 09:29:38,77.34,33.74,3.11,1.18
2021-02-23 09:33:38,77.35,33.66,3.70,1.58
2021-02-23 09:37:38,77.28,33.52,3.14,1.10
2021-02-23 09:41:38,77.35,33.93,3.09,1.00
2021-02-23 09:45:38,77.22,33.48,3.16,1.20
2021-02-23 09:49:38,77.08,33.24,3.26,0.96
2021-02-23 09:53:38,77.31,33.75,3.99,1.58
2021-02-23 09:57:38,77.33,33.70,3.78,1.48
2021-02-23 10:01:38,77.31,33.75,3.28,1.26
2021-02-23 10:05:38,77.37,33.93,3.97,1.65
2021-02-23 10:09:38,77.29,33.55,3.23,1.54
2021-02-23 10:13:38,77.31,33.46,26.97,1.49
2021-02-23 10:17:38,77.34,33.56,2.99,1.51
2021-02-23 10:21:38,76.62,30.90,2.99,0.95
2021-02-23 10:25:38,77.22,33.01,3.42,1.20
2021-02-23 10:29:38,77.39,33.40,3.38,1.19
2021-02-23 10:33:38,77.38,33.81,3.16,1.51
2021-02-23 10:37:38,77.17,32.87,3.35,0.99
2021-02-23 10:41:38,77.19,32.86,2.89,1.69
2021-02-23 10:45:38,77.26,33.33,3.04,0.97
2021-02-23 10:49:38,77.24,33.36,3.66,1.64
2021-02-23 10:53:38,77.24,33.31,3.37,0.94
2021-02-23 10:57:38,77.26,33.55,3.27,0.86
2021-02-23 11:01:38,77.21,33.24,3.47,1.23
2021-02-23 11:05:38,77.28,33.52,3.76,1.61
2021-02-23 11:09:38,77.24,32.97,3.24,1.02
2021-02-23 11:13:38,77.23,33.14,3.45,0.88
2021-02-23 11:17:38,77.24,33.14,3.47,1.06
2021-02-23 11:21:38,77.27,33.16,3.26,0.86
2021-02-23 11:25:38,77.30,33.41,3.37,1.15
2021-02-23 11:29:38,77.26,31.85,3.29,0.99
2021-02-23 11:33:38,77.26,31.34,3.35,0.90
2021-02-23 11:37:38,77.36,33.18,3.68,1.59
2021-02-23 11:41:38,77.21,30.11,3.54,0.94
2021-02-23 11:45:38,77.37,31.29,3.37,0.93
2021-02-23 11:49:38,77.40,32.79,3.44,0.90
2021-02-23 11:53:38,77.42,31.12,3.42,1.00
2021-02-23 11:57:38,77.45,32.22,3.40,0.95
2021-02-23 12:01:38,77.47,30.98,3.57,1.05
2021-02-23 12:05:38,77.45,31.68,3.61,1.08
2021-02-23 12:09:38,77.52,32.82,3.32,1.03
2021-02-23 12:13:38,77.54,32.56,3.33,1.18
2021-02-23 12:17:38,77.53,33.46,4.05,1.73
2021-02-23 12:21:38,77.57,33.43,3.50,1.17
2021-02-23 12:25:38,77.61,33.53,3.52,1.06
2021-02-23 12:29:38,77.64,33.59,3.87,1.83
2021-02-23 12:33:38,77.58,32.79,3.44,1.12
2021-02-23 12:37:38,77.58,33.00,3.35,1.12
2021-02-23 12:41:38,77.54,33.64,3.69,1.83
2021-02-23 12:45:38,77.57,33.38,3.37,1.72
2021-02-23 12:49:38,77.56,33.31,3.61,2.52
2021-02-23 12:53:38,77.57,33.72,3.59,1.69
2021-02-23 12:57:38,77.61,33.62,4.63,1.87
2021-02-23 13:01:38,77.59,33.01,3.76,1.53
2021-02-23 13:05:38,77.61,33.72,4.68,2.15
2021-02-23 13:09:38,77.79,33.57,3.99,2.17
2021-02-23 13:13:38,77.72,33.47,4.09,2.06
2021-02-23 13:17:38,77.69,33.37,3.29,1.43
2021-02-23 13:21:38,77.68,33.28,3.49,1.89
2021-02-23 13:25:38,77.65,33.25,3.42,1.92
2021-02-23 13:29:38,77.59,33.31,3.59,2.03
2021-02-23 13:33:38,77.59,33.28,3.56,1.98
2021-02-23 13:37:38,77.56,33.39,3.87,2.08
2021-02-23 13:41:38,77.65,33.33,4.07,2.19
2021-02-23 13:45:38,77.55,33.63,3.47,1.87
2021-02-23 13:49:38,77.51,33.71,3.59,2.00
2021-02-23 13:53:38,77.60,33.53,3.67,1.77
2021-02-23 13:57:38,77.65,33.50,4.01,2.33
2021-02-23 14:01:38,77.65,33.73,4.14,2.38
2021-02-23 14:05:38,77.67,33.32,3.29,1.58
2021-02-23 14:09:38,77.69,33.48,3.38,1.82
2021-02-23 14:13:38,78.04,31.62,3.31,1.39
2021-02-23 14:17:38,78.05,30.87,3.32,1.52
2021-02-23 14:21:38,77.76,33.20,3.14,1.60
2021-02-23 14:25:38,77.65,33.59,3.32,1.79
2021-02-23 14:29:38,78.01,31.84,3.35,1.36
2021-02-23 14:33:38,77.70,33.29,3.61,2.05
2021-02-23 14:37:38,77.72,33.13,3.33,1.78
2021-02-23 14:41:38,77.87,31.76,3.04,1.54
2021-02-23 14:45:38,77.76,33.55,3.63,2.27
2021-02-23 14:49:38,77.80,31.57,3.17,1.42
2021-02-23 14:53:38,78.15,31.47,3.33,1.45
2021-02-23 14:57:38,78.29,31.21,3.64,1.60
2021-02-23 15:01:38,78.13,32.03,3.71,1.57
2021-02-23 15:05:38,78.13,32.44,3.51,1.63
2021-02-23 15:09:38,78.42,31.58,3.63,1.70
2021-02-23 15:13:38,78.52,31.19,3.47,1.70
2021-02-23 15:17:38,78.18,32.55,3.40,1.51
2021-02-23 15:21:38,77.99,33.63,3.66,2.17
2021-02-23 15:25:38,77.96,33.74,3.52,1.74
2021-02-23 15:29:38,78.14,32.93,3.40,1.97
2021-02-23 15:33:38,78.08,33.29,3.31,1.82
2021-02-23 15:37:38,78.27,31.93,3.21,1.78
2021-02-23 15:41:38,78.49,31.09,3.47,1.84
2021-02-23 15:45:38,78.16,32.76,3.38,1.97
2021-02-23 15:49:38,78.55,30.93,3.61,2.14
2021-02-23 15:53:38,78.68,30.88,3.44,2.24
2021-02-23 15:57:38,78.75,30.90,3.42,2.22
2021-02-23 16:01:38,78.82,31.00,3.70,2.19
2021-02-23 16:05:38,78.83,31.12,3.66,2.36
2021-02-23 16:09:38,78.90,30.95,3.63,2.39
2021-02-23 16:13:38,78.85,31.08,4.04,2.58
2021-02-23 16:17:38,78.85,31.10,3.92,2.85
2021-02-23 16:21:38,78.84,31.12,3.95,2.87
2021-02-23 16:25:38,78.97,31.17,3.92,2.75
2021-02-23 16:29:38,78.94,31.15,3.90,2.68
2021-02-23 16:33:38,78.87,31.21,3.56,2.38
2021-02-23 16:37:38,78.73,30.99,3.54,2.63
2021-02-23 16:41:38,78.75,31.32,3.66,2.82
2021-02-23 16:45:38,78.71,31.12,3.59,2.37
2021-02-23 16:49:38,78.84,31.35,3.87,2.92
2021-02-23 16:53:38,78.70,31.79,3.90,2.97
2021-02-23 16:57:38,78.76,31.19,3.78,2.26
2021-02-23 17:01:38,78.75,31.27,3.99,2.40
2021-02-23 17:05:38,78.75,31.49,4.19,2.62
2021-02-23 17:09:38,78.77,31.59,4.49,2.76
2021-02-23 17:13:38,78.57,31.19,3.59,2.54
2021-02-23 17:17:38,78.70,31.10,3.66,2.74
2021-02-23 17:21:38,78.76,31.20,3.89,2.71
2021-02-23 17:25:38,78.87,31.12,5.10,2.67
2021-02-23 17:29:38,78.95,31.28,4.16,3.04
2021-02-23 17:33:38,78.93,31.35,3.92,2.85
2021-02-23 17:37:38,78.91,31.43,3.97,2.63
2021-02-23 17:41:38,78.82,31.64,3.80,2.77
2021-02-23 17:45:38,78.82,31.20,3.61,2.40
2021-02-23 17:49:38,78.94,31.29,3.95,2.42
2021-02-23 17:53:38,78.25,33.44,3.92,2.63
2021-02-23 17:57:38,78.87,31.39,4.06,2.60
2021-02-23 18:01:38,78.83,31.48,4.06,2.58
2021-02-23 18:05:38,78.70,31.47,3.56,2.74
2021-02-23 18:09:38,78.65,31.21,3.83,2.37
2021-02-23 18:13:38,78.55,31.07,3.66,2.25
2021-02-23 18:17:38,78.85,31.34,4.11,2.66
2021-02-23 18:21:38,78.79,31.47,3.59,2.47
2021-02-23 18:25:38,78.43,32.59,3.61,2.63
2021-02-23 18:29:38,78.58,31.22,3.97,2.48
2021-02-23 18:33:38,78.34,31.21,3.54,2.55
2021-02-23 18:37:38,78.24,31.85,3.37,2.75
2021-02-23 18:41:38,78.27,31.25,3.33,2.72
2021-02-23 18:45:38,78.08,33.48,3.59,2.79
2021-02-23 18:49:38,78.17,32.77,3.14,3.08
2021-02-23 18:53:38,78.22,33.16,3.16,3.07
2021-02-23 18:57:38,78.24,32.54,2.99,3.00
2021-02-23 19:01:38,78.23,32.70,3.47,2.95
2021-02-23 19:05:38,78.15,33.17,3.28,2.97
2021-02-23 19:09:38,78.07,32.80,3.54,2.80
2021-02-23 19:13:38,78.01,33.38,3.24,3.00
2021-02-23 19:17:38,78.19,32.82,3.40,2.95
2021-02-23 19:21:38,78.24,32.59,3.31,2.91
2021-02-23 19:25:38,78.13,32.55,3.24,2.60
2021-02-23 19:29:38,78.11,32.33,3.29,2.69
2021-02-23 19:33:38,78.06,32.91,3.19,2.56
2021-02-23 19:37:38,78.02,33.39,3.26,3.10
2021-02-23 19:41:38,78.09,31.32,3.24,2.48
2021-02-23 19:45:38,78.08,32.14,3.28,2.43
2021-02-23 19:49:38,78.07,32.95,3.29,2.49
2021-02-23 19:53:38,78.06,32.58,3.32,2.40
2021-02-23 19:57:38,78.05,32.85,3.19,2.49
2021-02-23 20:01:38,77.90,31.44,3.04,2.26
2021-02-23 20:05:38,78.01,33.49,3.24,2.56
2021-02-23 20:09:38,77.95,32.34,3.04,2.35
2021-02-23 20:13:38,77.89,31.69,3.24,2.34
2021-02-23 20:17:38,78.00,33.14,3.16,2.38
2021-02-23 20:21:38,78.00,33.31,3.19,2.40
2021-02-23 20:25:38,77.98,33.05,3.09,2.37
2021-02-23 20:29:38,78.00,33.18,3.16,2.48
2021-02-23 20:33:38,78.00,33.12,3.02,2.47
2021-02-23 20:37:38,77.95,32.95,3.09,2.23
2021-02-23 20:41:38,78.02,33.38,2.97,2.57
2021-02-23 20:45:38,78.01,33.41,3.26,2.33
2021-02-23 20:49:38,78.02,33.49,3.42,2.57
2021-02-23 20:53:38,78.02,33.46,3.06,2.52
2021-02-23 20:57:38,77.99,33.58,3.07,2.51
2021-02-23 21:01:38,77.96,33.35,2.87,2.27
2021-02-23 21:05:38,77.98,33.38,2.99,2.28
2021-02-23 21:09:38,77.98,33.50,2.82,2.56
2021-02-23 21:13:38,77.95,33.37,2.92,2.28
2021-02-23 21:17:38,77.95,33.48,2.91,2.44
2021-02-23 21:21:38,77.93,33.48,2.94,2.42
2021-02-23 21:25:38,77.91,33.40,2.89,2.37
2021-02-23 21:29:38,77.83,33.64,2.72,3.03
2021-02-23 21:33:38,77.87,33.28,2.70,2.37
2021-02-23 21:37:38,77.90,33.33,2.72,2.45
2021-02-23 21:41:38,77.89,33.59,2.46,2.51
2021-02-23 21:45:38,77.88,33.36,2.77,2.41
2021-02-23 21:49:38,77.89,33.48,2.74,2.66
2021-02-23 21:53:38,77.92,33.51,2.74,2.45
2021-02-23 21:57:38,77.92,33.56,2.58,2.50
2021-02-23 22:01:38,77.93,33.58,2.84,2.55
2021-02-23 22:05:38,77.93,33.55,2.70,2.56
2021-02-23 22:09:38,77.96,33.65,2.67,2.65
2021-02-23 22:13:38,77.95,33.59,2.55,2.52
2021-02-23 22:17:38,77.98,33.59,2.89,2.60
2021-02-23 22:21:38,78.03,33.60,2.82,2.50
2021-02-23 22:25:38,78.14,33.72,3.01,2.54
2021-02-23 22:29:38,78.07,33.73,3.04,2.62
2021-02-23 22:33:38,78.05,33.62,2.77,2.56
2021-02-23 22:37:38,77.99,33.56,2.63,2.32
2021-02-23 22:41:38,78.02,33.82,2.60,2.56
2021-02-23 22:45:38,77.99,33.58,2.52,2.37
2021-02-23 22:49:38,77.88,33.45,2.38,2.31
2021-02-23 22:53:38,77.97,33.66,2.50,2.57
2021-02-23 22:57:38,77.84,33.70,2.67,2.57
2021-02-23 23:01:38,77.86,33.68,2.60,2.29
2021-02-23 23:05:38,77.81,33.66,2.47,2.25
2021-02-23 23:09:38,77.80,33.80,2.62,2.36
2021-02-23 23:13:38,77.94,33.77,2.58,2.48
2021-02-23 23:17:38,77.94,33.82,2.60,2.32
2021-02-23 23:21:38,77.91,33.80,2.62,2.39
2021-02-23 23:25:38,77.96,33.79,2.84,2.24
2021-02-23 23:29:38,77.90,33.92,2.79,2.47
2021-02-23 23:33:38,77.62,34.13,2.76,2.56
2021-02-23 23:37:38,77.79,33.75,2.47,2.33
2021-02-23 23:41:38,77.67,33.70,2.62,2.46
2021-02-23 23:45:38,77.58,34.06,2.82,2.22
2021-02-23 23:49:38,77.63,33.55,2.67,2.38
2021-02-23 23:53:38,77.61,33.75,2.82,2.38
2021-02-23 23:57:38,77.55,33.55,2.57,2.26
2021-02-24 00:01:38,77.60,33.64,2.41,2.48
2021-02-24 00:05:38,77.65,33.79,2.70,2.26
2021-02-24 00:09:38,77.83,33.86,3.07,2.35
2021-02-24 00:13:38,77.63,34.12,3.14,2.23
2021-02-24 00:17:38,77.73,33.89,2.94,2.28
2021-02-24 00:21:38,77.68,33.75,2.99,2.42
2021-02-24 00:25:38,77.56,33.97,2.89,2.26
2021-02-24 00:29:38,77.70,33.94,3.12,2.28
2021-02-24 00:33:38,77.60,33.81,2.72,2.23
2021-02-24 00:37:38,77.13,33.06,2.62,2.31
2021-02-24 00:41:38,77.31,33.86,2.67,1.93
2021-02-24 00:45:38,77.26,33.61,2.45,2.00
2021-02-24 00:49:38,77.15,33.41,2.53,2.06
2021-02-24 00:53:38,77.20,33.37,2.60,2.19
2021-02-24 00:57:38,77.55,33.71,2.90,2.04
2021-02-24 01:01:38,77.70,33.92,3.09,2.40
2021-02-24 01:05:38,77.73,33.96,2.90,2.36
2021-02-24 01:09:38,77.65,33.79,2.95,2.27
2021-02-24 01:13:38,77.59,33.76,3.21,2.41
2021-02-24 01:17:38,77.62,33.93,2.79,2.25
2021-02-24 01:21:38,77.66,33.98,3.06,2.38
2021-02-24 01:25:38,77.57,33.84,3.12,2.31
2021-02-24 01:29:38,77.58,33.95,3.66,2.90
2021-02-24 01:33:38,77.10,33.18,2.28,2.37
2021-02-24 01:37:38,77.51,34.05,3.73,2.76
2021-02-24 01:41:38,77.60,34.13,3.64,2.57
2021-02-24 01:45:38,77.06,33.25,2.55,2.75
2021-02-24 01:49:38,77.30,33.59,2.77,2.80
2021-02-24 01:53:38,77.56,33.95,3.90,3.02
2021-02-24 01:57:38,77.50,33.91,3.73,2.94
2021-02-24 02:01:38,77.00,33.12,3.01,2.77
2021-02-24 02:05:38,77.37,33.81,3.29,2.94
2021-02-24 02:09:38,77.42,33.80,2.35,2.49
2021-02-24 02:13:38,77.50,34.13,2.65,2.74
2021-02-24 02:17:38,77.09,33.26,2.50,2.68
2021-02-24 02:21:38,76.74,33.04,2.48,2.58
2021-02-24 02:25:38,77.43,33.95,4.30,3.38
2021-02-24 02:29:38,77.29,33.99,4.68,3.33
2021-02-24 02:33:38,76.47,32.47,2.69,2.17
2021-02-24 02:37:38,76.61,32.74,2.62,1.98
2021-02-24 02:41:38,76.90,33.33,2.77,2.13
2021-02-24 02:45:38,76.72,32.97,2.87,1.95
2021-02-24 02:49:38,76.42,32.61,2.72,1.88
2021-02-24 02:53:38,77.10,33.77,3.17,1.94
2021-02-24 02:57:38,76.25,32.16,2.77,1.78
2021-02-24 03:01:38,76.86,33.27,2.97,1.91
2021-02-24 03:05:38,76.14,31.95,2.77,1.70
2021-02-24 03:09:38,76.32,32.17,2.74,1.77
2021-02-24 03:13:38,76.19,31.87,2.87,1.82
2021-02-24 03:17:38,76.18,31.71,2.85,1.66
2021-02-24 03:21:38,76.23,31.71,2.92,1.72
2021-02-24 03:25:38,76.56,32.25,2.96,1.68
2021-02-24 03:29:38,76.26,31.61,3.24,1.68
2021-02-24 03:33:38,76.23,31.57,2.97,1.67
2021-02-24 03:37:38,76.31,31.61,2.87,1.72
2021-02-24 03:41:38,76.41,31.79,3.14,1.71
2021-02-24 03:45:38,77.02,33.27,3.00,1.69
2021-02-24 03:49:38,76.11,31.32,2.97,1.68
2021-02-24 03:53:38,76.21,31.57,2.94,1.70
2021-02-24 03:57:38,76.21,31.38,3.16,1.55
2021-02-24 04:01:38,76.23,31.38,3.07,1.58
2021-02-24 04:05:38,76.36,31.45,2.94,1.63
2021-02-24 04:09:38,76.57,31.59,3.19,1.71
2021-02-24 04:13:38,76.53,31.63,3.07,1.63
2021-02-24 04:17:38,76.59,31.70,3.12,1.70
2021-02-24 04:21:38,76.46,31.33,3.18,1.60
2021-02-24 04:25:38,76.50,31.38,3.12,1.63
2021-02-24 04:29:38,76.45,31.30,3.14,1.53
2021-02-24 04:33:38,76.48,31.40,3.24,1.49
2021-02-24 04:37:38,76.47,31.37,3.06,1.49
2021-02-24 04:41:38,76.47,31.42,3.29,1.54
2021-02-24 04:45:38,76.44,31.44,3.31,1.49
2021-02-24 04:49:38,76.28,31.13,3.24,1.52
2021-02-24 04:53:38,76.30,31.11,3.33,1.51
2021-02-24 04:57:38,76.37,31.25,3.32,1.53
2021-02-24 05:01:38,76.39,31.26,3.24,1.53
2021-02-24 05:05:38,76.20,31.00,3.17,1.41
2021-02-24 05:09:38,76.37,31.14,3.24,1.52
2021-02-24 05:13:38,76.35,31.06,3.24,1.45
2021-02-24 05:17:38,76.22,30.95,2.99,1.40
2021-02-24 05:21:38,76.24,30.95,3.14,1.42
2021-02-24 05:25:38,76.28,30.97,3.29,1.37
2021-02-24 05:29:38,76.14,30.76,3.09,1.51
2021-02-24 05:33:38,76.22,30.96,3.17,1.55
2021-02-24 05:37:38,76.30,31.05,3.28,1.48
2021-02-24 05:41:38,76.24,30.97,3.21,1.36
2021-02-24 05:45:38,76.19,30.89,3.38,1.41
2021-02-24 05:49:38,76.36,31.20,3.14,1.38
2021-02-24 05:53:38,76.31,31.13,3.19,1.39
2021-02-24 05:57:38,76.24,30.87,3.52,1.46
2021-02-24 06:01:38,76.22,30.89,3.29,1.47
2021-02-24 06:05:38,76.29,31.04,3.31,1.39
2021-02-24 06:09:38,76.21,30.90,3.33,1.42
2021-02-24 06:13:38,76.34,31.17,3.47,1.43
2021-02-24 06:17:38,76.50,31.43,3.47,1.54
2021-02-24 06:21:38,76.18,30.97,3.54,1.47
2021-02-24 06:25:38,76.26,31.06,3.52,1.45
2021-02-24 06:29:38,76.22,30.90,3.47,1.58
2021-02-24 06:33:38,76.14,30.98,3.21,1.42
2021-02-24 06:37:38,76.21,30.99,3.38,1.48
2021-02-24 06:41:38,76.21,30.95,3.42,1.51
2021-02-24 06:45:38,76.45,31.60,3.61,1.48
2021-02-24 06:49:38,76.37,31.53,3.45,1.53
2021-02-24 06:53:38,76.16,31.24,3.52,1.41
2021-02-24 06:57:38,76.40,31.51,3.66,1.47
2021-02-24 07:01:38,76.15,31.32,3.31,1.37
2021-02-24 07:05:38,76.12,31.16,3.35,1.33
2021-02-24 07:09:38,76.13,31.03,3.31,1.35
2021-02-24 07:13:38,76.18,30.98,3.33,1.35
2021-02-24 07:17:38,76.33,31.49,3.40,1.29
2021-02-24 07:21:38,76.02,30.81,3.37,1.29
2021-02-24 07:25:38,76.15,31.15,3.56,1.29
2021-02-24 07:29:38,76.04,30.95,3.47,1.20
2021-02-24 07:33:38,76.20,31.31,3.64,1.20
2021-02-24 07:37:38,76.03,30.99,3.35,1.12
2021-02-24 07:41:38,76.06,31.20,3.36,1.15
2021-02-24 07:45:38,76.00,30.86,3.29,1.12
2021-02-24 07:49:38,76.00,30.78,3.35,1.16
2021-02-24 07:53:38,76.02,30.85,3.40,1.21
2021-02-24 07:57:38,76.02,30.80,3.29,1.19
2021-02-24 08:01:38,75.94,30.70,3.44,1.20
2021-02-24 08:05:38,76.02,30.70,3.45,1.18
2021-02-24 08:09:38,76.05,30.77,3.61,1.20
2021-02-24 08:13:38,76.19,30.98,3.78,1.35
2021-02-24 08:17:38,76.23,31.35,3.97,1.34
2021-02-24 08:21:38,76.14,31.06,3.76,1.30
2021-02-24 08:25:38,76.16,31.11,3.61,1.24
2021-02-24 08:29:38,75.95,30.79,3.31,1.20
2021-02-24 08:33:38,76.13,31.20,3.49,1.21
2021-02-24 08:37:38,75.98,30.83,3.33,1.27
2021-02-24 08:41:38,75.92,30.78,3.45,1.19
2021-02-24 08:45:38,76.17,31.33,3.40,1.16
2021-02-24 08:49:38,75.92,30.86,3.56,1.17
2021-02-24 08:53:38,76.17,31.50,3.52,1.25
2021-02-24 08:57:38,76.14,31.22,3.59,1.17
2021-02-24 09:01:38,76.83,32.60,3.57,1.11
2021-02-24 09:05:38,76.13,31.18,3.59,1.06
2021-02-24 09:09:38,75.96,30.87,3.56,1.11
2021-02-24 09:13:38,76.31,31.51,3.40,1.08
2021-02-24 09:17:38,76.90,32.75,3.61,1.19
2021-02-24 09:21:38,76.13,31.02,3.52,1.03
2021-02-24 09:25:38,76.67,32.41,3.52,1.11
2021-02-24 09:29:38,76.62,31.64,3.42,1.13
2021-02-24 09:33:38,76.26,31.06,3.46,0.97
2021-02-24 09:37:38,76.13,30.75,3.43,1.02
2021-02-24 09:41:38,77.25,33.72,3.92,2.24
2021-02-24 09:45:38,76.47,31.55,3.39,1.07
2021-02-24 09:49:38,76.30,31.04,3.49,1.07
2021-02-24 09:53:38,76.76,32.32,3.52,1.00
2021-02-24 09:57:38,76.43,31.39,3.61,1.11
2021-02-24 10:01:38,76.91,32.81,3.24,1.07
2021-02-24 10:05:38,77.32,33.78,4.55,2.91
2021-02-24 10:09:38,76.79,32.66,3.42,1.49
2021-02-24 10:13:38,76.67,32.14,3.40,1.23
2021-02-24 10:17:38,76.82,32.44,3.59,1.21
2021-02-24 10:21:38,76.71,33.54,4.68,1.07
2021-02-24 10:25:38,76.66,33.58,5.22,0.96
2021-02-24 10:29:38,76.46,31.54,3.61,0.96
2021-02-24 10:33:38,76.42,31.24,3.56,1.07
2021-02-24 10:37:38,76.54,31.81,3.71,0.96
2021-02-24 10:41:38,76.81,33.24,8.73,1.27
2021-02-24 10:45:38,76.76,33.15,6.36,1.12
2021-02-24 10:49:38,76.75,33.08,6.23,1.18
2021-02-24 10:53:38,76.78,33.08,5.46,1.07
2021-02-24 10:57:38,76.70,32.34,3.93,1.01
2021-02-24 11:01:38,76.71,31.45,3.44,0.96
2021-02-24 11:05:38,76.71,31.67,3.78,0.99
2021-02-24 11:09:38,76.68,31.30,3.64,1.02
2021-02-24 11:13:38,76.78,33.15,5.13,1.06
2021-02-24 11:17:38,76.73,31.47,4.18,0.97
2021-02-24 11:21:38,76.78,31.90,4.40,0.91
2021-02-24 11:25:38,76.82,32.49,4.32,0.86
2021-02-24 11:29:38,76.81,31.82,3.99,0.79
2021-02-24 11:33:38,76.84,32.17,3.74,0.83
2021-02-24 11:37:38,76.91,33.58,4.50,1.02
2021-02-24 11:41:38,76.91,31.37,3.66,0.81
2021-02-24 11:45:38,76.99,33.40,3.76,0.83
2021-02-24 11:49:38,76.94,32.76,3.97,0.97
2021-02-24 11:53:38,76.97,31.92,3.49,0.91
2021-02-24 11:57:38,77.00,31.74,3.66,0.95
2021-02-24 12:01:38,77.03,31.91,3.69,0.95
2021-02-24 12:05:38,77.05,33.36,4.70,1.21
2021-02-24 12:09:38,77.08,33.54,4.46,1.16
2021-02-24 12:13:38,77.08,33.46,3.64,1.01
2021-02-24 12:17:38,77.13,32.32,3.64,0.88
2021-02-24 12:21:38,77.10,33.06,4.18,1.18
2021-02-24 12:25:38,77.17,31.73,3.59,1.00
2021-02-24 12:29:38,77.11,33.37,3.95,1.11
2021-02-24 12:33:38,77.07,33.54,4.80,1.53
2021-02-24 12:37:38,76.67,33.79,16.23,1.07
2021-02-24 12:41:38,76.65,33.80,9.67,1.14
2021-02-24 12:45:38,76.70,33.66,9.91,1.03
2021-02-24 12:49:38,76.78,33.41,11.04,0.97
2021-02-24 12:53:38,76.73,33.65,6.94,1.16
2021-02-24 12:57:38,76.65,33.85,6.67,1.09
2021-02-24 13:01:38,76.94,33.32,5.03,1.07
2021-02-24 13:05:38,77.26,32.45,4.37,0.93
2021-02-24 13:09:38,77.05,33.34,5.44,1.30
2021-02-24 13:13:38,77.11,33.23,4.42,0.96
2021-02-24 13:17:38,77.03,33.47,4.71,1.11
2021-02-24 13:21:38,77.00,33.49,5.27,1.21
2021-02-24 13:25:38,77.24,32.77,3.88,1.15
2021-02-24 13:29:38,77.05,33.39,3.68,1.24
2021-02-24 13:33:38,77.15,33.32,3.59,1.16
2021-02-24 13:37:38,77.44,32.29,3.71,1.03
2021-02-24 13:41:38,77.45,32.39,3.85,1.09
2021-02-24 13:45:38,77.47,32.34,3.52,0.88
2021-02-24 13:49:38,77.57,32.21,3.29,0.90
2021-02-24 13:53:38,77.21,33.38,4.02,1.13
2021-02-24 13:57:38,77.44,32.56,4.09,1.18
2021-02-24 14:01:38,77.51,32.33,3.71,1.15
2021-02-24 14:05:38,77.43,32.55,3.54,1.19
2021-02-24 14:09:38,77.53,32.29,3.62,1.12
2021-02-24 14:13:38,77.54,32.26,3.43,1.16
2021-02-24 14:17:38,77.34,32.97,3.71,1.21
2021-02-24 14:21:38,77.60,32.21,3.66,1.23
2021-02-24 14:25:38,77.49,32.67,3.76,1.30
2021-02-24 14:29:38,77.18,33.64,3.87,1.47
2021-02-24 14:33:38,77.71,32.13,3.29,1.17
2021-02-24 14:37:38,77.82,32.15,3.45,1.14
2021-02-24 14:41:38,77.80,32.53,4.42,1.26
2021-02-24 14:45:38,77.79,32.21,3.59,1.26
2021-02-24 14:49:38,77.82,32.07,3.59,1.12
2021-02-24 14:53:38,77.81,32.34,4.32,1.41
2021-02-24 14:57:38,77.83,32.17,3.52,1.25
2021-02-24 15:01:38,77.82,32.16,3.50,1.20
2021-02-24 15:05:38,77.86,32.54,3.76,1.19
2021-02-24 15:09:38,77.97,32.06,3.59,1.20
2021-02-24 15:13:38,77.97,32.06,3.56,1.14
2021-02-24 15:17:38,77.85,32.45,3.56,1.26
2021-02-24 15:21:38,77.81,32.55,3.52,1.60
2021-02-24 15:25:38,77.83,32.31,3.40,1.37
2021-02-24 15:29:38,77.89,32.13,3.88,1.29
2021-02-24 15:33:38,77.86,32.25,3.59,1.53
2021-02-24 15:37:38,77.96,32.00,3.66,1.26
2021-02-24 15:41:38,78.06,31.81,3.76,1.31
2021-02-24 15:45:38,78.06,31.75,3.82,1.28
2021-02-24 15:49:38,78.01,31.83,3.99,1.25
2021-02-24 15:53:38,78.08,31.70,4.08,1.20
2021-02-24 15:57:38,78.11,31.78,4.06,1.40
2021-02-24 16:01:38,78.11,31.72,4.06,1.31
2021-02-24 16:05:38,78.07,31.83,4.09,1.36
2021-02-24 16:09:38,78.08,31.80,4.21,1.41
2021-02-24 16:13:38,78.10,31.76,3.83,1.39
2021-02-24 16:17:38,78.10,31.76,3.80,1.43
2021-02-24 16:21:38,78.09,31.81,4.01,1.53
2021-02-24 16:25:38,78.10,31.73,3.95,1.48
2021-02-24 16:29:38,78.11,31.70,4.25,1.56
2021-02-24 16:33:38,78.12,31.67,3.97,1.55
2021-02-24 16:37:38,78.17,31.62,4.04,1.54
2021-02-24 16:41:38,78.18,31.58,3.92,1.58
2021-02-24 16:45:38,78.14,31.65,3.87,1.55
2021-02-24 16:49:38,78.17,31.54,4.06,1.64
2021-02-24 16:53:38,78.13,31.59,4.32,1.75
2021-02-24 16:57:38,78.14,31.49,3.92,1.76
2021-02-24 17:01:38,77.94,31.97,3.90,1.68
2021-02-24 17:05:38,77.98,31.79,4.23,1.72
2021-02-24 17:09:38,78.13,31.56,4.14,1.79
2021-02-24 17:13:38,78.19,31.54,4.16,1.88
2021-02-24 17:17:38,78.11,31.76,3.85,1.93
2021-02-24 17:21:38,78.08,31.62,3.88,1.81
2021-02-24 17:25:38,78.15,31.43,3.99,1.83
2021-02-24 17:29:38,78.22,31.40,4.14,1.88
2021-02-24 17:33:38,78.20,31.44,4.02,1.75
2021-02-24 17:37:38,78.21,31.36,3.92,1.93
2021-02-24 17:41:38,78.19,31.41,3.95,2.00
2021-02-24 17:45:38,78.16,31.35,4.09,2.05
2021-02-24 17:49:38,78.15,31.45,3.88,2.01
2021-02-24 17:53:38,78.05,31.66,3.87,2.23
2021-02-24 17:57:38,77.95,31.49,4.23,2.13
2021-02-24 18:01:38,78.02,31.28,4.04,1.78
2021-02-24 18:05:38,77.96,31.53,3.78,1.98
2021-02-24 18:09:38,78.02,31.39,3.85,1.93
2021-02-24 18:13:38,77.97,31.60,3.68,1.83
2021-02-24 18:17:38,77.89,31.27,3.71,1.88
2021-02-24 18:21:38,77.95,31.24,3.78,1.98
2021-02-24 18:25:38,77.96,31.33,3.57,1.92
2021-02-24 18:29:38,77.91,31.31,3.80,1.92
2021-02-24 18:33:38,77.80,31.45,3.95,1.97
2021-02-24 18:37:38,77.79,31.35,4.89,1.98
2021-02-24 18:41:38,77.81,31.31,3.71,1.99
2021-02-24 18:45:38,77.73,31.37,3.66,2.06
2021-02-24 18:49:38,77.70,31.27,3.69,2.02
2021-02-24 18:53:38,77.66,31.35,3.76,2.19
2021-02-24 18:57:38,77.72,31.50,3.74,2.30
2021-02-24 19:01:38,77.58,31.80,3.71,2.25
2021-02-24 19:05:38,77.56,31.32,3.61,2.26
2021-02-24 19:09:38,77.56,31.27,3.66,2.32
2021-02-24 19:13:38,77.58,31.39,3.63,2.23
2021-02-24 19:17:38,77.52,31.37,3.76,2.14
2021-02-24 19:21:38,77.50,31.41,3.52,2.33
2021-02-24 19:25:38,77.39,31.70,3.80,2.36
2021-02-24 19:29:38,77.43,31.27,3.73,2.28
2021-02-24 19:33:38,77.42,31.32,3.64,2.30
2021-02-24 19:37:38,77.37,32.42,3.80,2.40
2021-02-24 19:41:38,77.38,31.46,3.49,2.23
2021-02-24 19:45:38,77.36,31.66,3.38,2.23
2021-02-24 19:49:38,77.37,31.52,3.63,2.20
2021-02-24 19:53:38,77.36,32.05,3.85,2.22
2021-02-24 19:57:38,77.29,32.08,3.49,2.11
2021-02-24 20:01:38,77.26,32.45,3.99,2.20
2021-02-24 20:05:38,77.28,33.33,12.47,2.20
2021-02-24 20:09:38,77.16,32.07,3.95,2.05
2021-02-24 20:13:38,77.23,33.33,8.05,1.95
2021-02-24 20:17:38,77.20,33.04,6.51,2.08
2021-02-24 20:21:38,77.10,31.68,3.62,2.11
2021-02-24 20:25:38,77.24,33.32,9.41,2.13
2021-02-24 20:29:38,77.25,33.51,19.87,2.05
2021-02-24 20:33:38,77.21,33.12,14.07,2.20
2021-02-24 20:37:38,77.20,33.50,12.93,2.39
2021-02-24 20:41:38,77.20,33.45,9.46,2.35
2021-02-24 20:45:38,77.09,32.30,4.42,1.99
2021-02-24 20:49:38,77.10,31.98,3.56,1.90
2021-02-24 20:53:38,76.93,31.89,3.78,1.92
2021-02-24 20:57:38,77.05,32.56,3.93,2.08
2021-02-24 21:01:38,76.92,32.00,3.80,1.99
2021-02-24 21:05:38,76.91,32.08,3.59,1.94
2021-02-24 21:09:38,77.13,33.23,6.40,2.19
2021-02-24 21:13:38,76.90,32.04,3.97,2.10
2021-02-24 21:17:38,77.07,32.86,3.56,1.98
2021-02-24 21:21:38,76.98,32.44,3.66,2.01
2021-02-24 21:25:38,76.90,32.14,3.49,1.87
2021-02-24 21:29:38,76.86,32.07,3.49,1.94
2021-02-24 21:33:38,76.85,32.18,3.40,1.86
2021-02-24 21:37:38,77.09,33.19,4.16,2.00
2021-02-24 21:41:38,77.09,33.09,4.28,1.99
2021-02-24 21:45:38,77.01,32.88,3.47,1.88
2021-02-24 21:49:38,77.05,33.16,3.92,1.89
2021-02-24 21:53:38,77.14,33.36,4.86,1.84
2021-02-24 21:57:38,77.10,33.39,5.24,2.11
2021-02-24 22:01:38,77.16,33.78,5.41,2.48
2021-02-24 22:05:38,77.05,33.31,3.69,1.70
2021-02-24 22:09:38,76.60,32.21,3.49,1.71
2021-02-24 22:13:38,77.16,33.84,5.27,2.05
2021-02-24 22:17:38,76.90,32.93,3.64,1.78
2021-02-24 22:21:38,76.92,32.95,3.81,1.94
2021-02-24 22:25:38,77.11,33.56,4.30,1.96
2021-02-24 22:29:38,76.80,32.72,3.40,1.94
2021-02-24 22:33:38,77.06,33.51,4.09,1.89
2021-02-24 22:37:38,76.75,32.64,3.29,1.84
2021-02-24 22:41:38,76.75,32.77,3.29,1.90
2021-02-24 22:45:38,76.88,32.90,3.54,1.94
2021-02-24 22:49:38,76.96,33.09,3.45,1.82
2021-02-24 22:53:38,76.87,32.98,3.37,1.75
2021-02-24 22:57:38,77.05,33.34,3.83,1.84
2021-02-24 23:01:38,76.93,33.15,3.54,1.87
2021-02-24 23:05:38,77.12,33.66,4.47,2.09
2021-02-24 23:09:38,77.07,33.46,4.09,1.99
2021-02-24 23:13:38,77.13,33.75,5.06,2.37
2021-02-24 23:17:38,77.16,33.64,4.30,2.30
2021-02-24 23:21:38,76.95,33.15,3.23,1.95
2021-02-24 23:25:38,77.16,33.55,5.20,2.47
2021-02-24 23:29:38,77.18,33.70,4.69,2.30
2021-02-24 23:33:38,76.85,33.38,3.17,1.98
2021-02-24 23:37:38,76.83,33.19,3.78,1.84
2021-02-24 23:41:38,76.70,32.99,3.09,1.91
2021-02-24 23:45:38,77.21,33.66,4.21,2.22
2021-02-24 23:49:38,77.13,33.58,3.61,1.73
2021-02-24 23:53:38,77.01,33.47,3.71,1.89
2021-02-24 23:57:38,76.99,33.43,3.80,1.98
2021-02-25 00:01:38,77.05,33.55,3.97,1.93
2021-02-25 00:05:38,76.92,33.32,3.33,1.79
2021-02-25 00:09:38,77.22,33.45,3.47,2.05
2021-02-25 00:13:38,77.19,33.70,3.52,2.36
2021-02-25 00:17:38,76.93,33.97,3.95,2.21
2021-02-25 00:21:38,76.96,33.47,3.45,2.05
2021-02-25 00:25:38,76.45,32.93,3.09,2.18
2021-02-25 00:29:38,76.74,33.97,3.68,1.49
2021-02-25 00:33:38,77.00,33.67,3.52,1.94
2021-02-25 00:37:38,76.54,33.03,3.33,2.32
2021-02-25 00:41:38,76.99,33.79,4.04,2.41
2021-02-25 00:45:38,77.02,33.67,3.68,2.40
2021-02-25 00:49:38,76.91,33.60,3.29,2.21
2021-02-25 00:53:38,76.84,33.49,3.57,2.27
2021-02-25 00:57:38,76.88,33.54,3.64,2.36
2021-02-25 01:01:38,76.93,33.59,3.42,2.43
2021-02-25 01:05:38,77.17,33.89,3.52,2.27
2021-02-25 01:09:38,76.48,33.12,2.87,2.32
2021-02-25 01:13:38,76.80,33.54,3.16,2.34
2021-02-25 01:17:38,76.77,33.99,3.56,2.42
2021-02-25 01:21:38,76.80,33.81,3.76,2.31
2021-02-25 01:25:38,76.46,33.23,2.77,2.28
2021-02-25 01:29:38,76.87,33.70,3.78,2.33
2021-02-25 01:33:38,76.86,33.81,3.74,2.37
2021-02-25 01:37:38,76.97,33.76,3.79,2.49
2021-02-25 01:41:38,76.23,33.12,2.89,2.32
2021-02-25 01:45:38,76.96,33.74,3.68,2.49
2021-02-25 01:49:38,76.54,33.30,3.14,2.44
2021-02-25 01:53:38,77.01,33.75,3.09,2.29
2021-02-25 01:57:38,77.11,33.94,3.80,2.67
2021-02-25 02:01:38,76.72,33.53,3.14,2.38
2021-02-25 02:05:38,77.01,33.92,2.94,2.19
2021-02-25 02:09:38,77.02,33.90,4.84,3.10
2021-02-25 02:13:38,76.22,33.12,3.02,2.21
2021-02-25 02:17:38,76.48,33.35,2.89,2.10
2021-02-25 02:21:38,76.66,34.15,4.56,2.42
2021-02-25 02:25:38,76.40,33.36,3.02,2.16
2021-02-25 02:29:38,76.69,33.71,3.80,2.31
2021-02-25 02:33:38,76.73,33.72,3.85,2.50
2021-02-25 02:37:38,76.60,33.57,3.59,2.38
2021-02-25 02:41:38,76.67,33.69,3.35,2.26
2021-02-25 02:45:38,76.82,33.88,4.42,2.60
2021-02-25 02:49:38,76.92,33.95,5.03,2.84
2021-02-25 02:53:38,76.65,33.73,3.83,2.48
2021-02-25 02:57:38,76.22,33.34,3.04,2.30
2021-02-25 03:01:38,76.30,33.35,3.16,2.32
2021-02-25 03:05:38,76.97,33.89,4.66,3.02
2021-02-25 03:09:38,76.90,33.85,4.23,2.61
2021-02-25 03:13:38,76.11,33.25,3.06,2.22
2021-02-25 03:17:38,76.32,33.25,2.97,2.31
2021-02-25 03:21:38,76.72,33.77,3.71,2.56
2021-02-25 03:25:38,76.17,33.26,2.97,2.19
2021-02-25 03:29:38,76.12,33.20,3.04,2.11
2021-02-25 03:33:38,76.16,33.23,2.94,2.00
2021-02-25 03:37:38,75.98,33.01,3.24,1.72
2021-02-25 03:41:38,76.03,33.02,3.14,1.69
2021-02-25 03:45:38,75.92,32.75,3.73,1.71
2021-02-25 03:49:38,75.79,32.48,3.40,1.52
2021-02-25 03:53:38,75.78,32.34,3.33,1.52
2021-02-25 03:57:38,75.87,32.43,3.33,1.55
2021-02-25 04:01:38,75.87,32.34,3.47,1.49
2021-02-25 04:05:38,75.79,32.08,3.35,1.41
2021-02-25 04:09:38,75.87,32.14,3.33,1.38
2021-02-25 04:13:38,75.97,32.21,3.59,1.54
2021-02-25 04:17:38,75.87,31.93,3.43,1.52
2021-02-25 04:21:38,75.81,31.83,3.42,1.35
2021-02-25 04:25:38,75.95,31.98,3.43,1.44
2021-02-25 04:29:38,75.94,31.91,3.49,1.49
2021-02-25 04:33:38,75.85,31.70,3.43,1.42
2021-02-25 04:37:38,75.84,31.66,3.54,1.43
2021-02-25 04:41:38,75.91,31.74,3.24,1.39
2021-02-25 04:45:38,75.91,31.78,3.33,1.37
2021-02-25 04:49:38,75.89,31.69,3.45,1.43
2021-02-25 04:53:38,75.88,31.58,3.50,1.39
2021-02-25 04:57:38,75.96,31.68,3.33,1.38
2021-02-25 05:01:38,76.03,31.85,3.38,1.35
2021-02-25 05:05:38,76.00,31.73,3.45,1.41
2021-02-25 05:09:38,75.93,31.62,3.54,1.39
2021-02-25 05:13:38,75.97,31.72,3.43,1.31
2021-02-25 05:17:38,75.99,31.74,3.36,1.26
2021-02-25 05:21:38,75.94,31.60,3.49,1.60
2021-02-25 05:25:38,76.00,31.73,3.40,1.24
2021-02-25 05:29:38,75.87,31.43,3.68,1.31
2021-02-25 05:33:38,75.91,31.55,3.42,1.35
2021-02-25 05:37:38,75.87,31.48,3.31,1.20
2021-02-25 05:41:38,75.88,31.53,3.45,1.26
2021-02-25 05:45:38,75.85,31.55,3.37,1.29
2021-02-25 05:49:38,75.84,31.54,3.47,1.26
2021-02-25 05:53:38,75.81,31.54,3.42,1.24
2021-02-25 05:57:38,75.79,31.43,3.40,1.29
2021-02-25 06:01:38,75.87,31.58,3.49,1.29
2021-02-25 06:05:38,75.89,31.59,3.44,1.20
2021-02-25 06:09:38,75.82,31.44,3.45,1.18
2021-02-25 06:13:38,75.74,31.32,3.56,1.28
2021-02-25 06:17:38,75.84,31.57,3.68,1.29
2021-02-25 06:21:38,75.76,31.52,3.59,1.18
2021-02-25 06:25:38,75.82,31.51,3.71,1.23
2021-02-25 06:29:38,75.72,31.39,3.61,1.19
2021-02-25 06:33:38,75.64,31.31,3.69,1.19
2021-02-25 06:37:38,75.60,31.33,3.59,1.14
2021-02-25 06:41:38,75.61,31.27,3.66,1.21
2021-02-25 06:45:38,75.57,31.24,3.45,1.06
2021-02-25 06:49:38,75.55,31.21,3.71,1.11
2021-02-25 06:53:38,75.56,31.21,3.64,1.17
2021-02-25 06:57:38,75.57,31.21,3.40,1.12
2021-02-25 07:01:38,75.42,30.91,3.67,1.08
2021-02-25 07:05:38,75.44,30.96,3.64,1.06
2021-02-25 07:09:38,75.50,31.08,3.64,1.09
2021-02-25 07:13:38,75.55,31.10,3.57,1.00
2021-02-25 07:17:38,75.58,31.21,3.87,1.09
2021-02-25 07:21:38,75.59,31.16,3.59,0.94
2021-02-25 07:25:38,75.57,31.16,3.76,1.03
2021-02-25 07:29:38,75.67,31.42,3.64,1.01
2021-02-25 07:33:38,75.70,31.57,3.64,1.00
2021-02-25 07:37:38,75.36,30.97,5.61,0.89
2021-02-25 07:41:38,75.41,30.95,4.58,1.02
2021-02-25 07:45:38,75.44,31.07,4.02,0.98
2021-02-25 07:49:38,75.49,31.11,3.78,0.94
2021-02-25 07:53:38,75.32,30.85,3.61,0.96
2021-02-25 07:57:38,75.41,30.92,3.64,0.92
2021-02-25 08:01:38,75.46,31.13,3.66,0.94
2021-02-25 08:05:38,75.23,30.79,3.45,0.90
2021-02-25 08:09:38,75.41,31.02,3.49,0.93
2021-02-25 08:13:38,75.37,30.80,3.42,0.93
2021-02-25 08:17:38,75.42,30.93,3.64,0.96
2021-02-25 08:21:38,75.36,30.84,3.61,0.92
2021-02-25 08:25:38,75.35,30.76,3.68,0.95
2021-02-25 08:29:38,75.35,30.87,3.71,0.96
2021-02-25 08:33:38,75.36,30.85,4.26,1.02
2021-02-25 08:37:38,75.35,30.87,3.62,0.93
2021-02-25 08:41:38,75.45,31.14,3.49,0.97
2021-02-25 08:45:38,75.37,30.94,3.61,0.96
2021-02-25 08:49:38,75.36,30.83,3.52,0.93
2021-02-25 08:53:38,76.29,33.06,3.52,0.99
2021-02-25 08:57:38,76.27,32.79,3.95,1.27
2021-02-25 09:01:38,75.46,31.04,3.92,0.96
2021-02-25 09:05:38,75.79,31.60,3.88,0.92
2021-02-25 09:09:38,75.49,31.07,3.73,0.99
2021-02-25 09:13:38,75.51,30.97,3.79,0.94
2021-02-25 09:17:38,75.54,30.92,3.59,0.79
2021-02-25 09:21:38,75.47,30.83,4.06,0.96
2021-02-25 09:25:38,75.54,31.00,4.73,0.94
2021-02-25 09:29:38,75.59,31.07,3.93,0.93
2021-02-25 09:33:38,75.62,31.08,3.99,0.93
2021-02-25 09:37:38,75.68,31.16,4.26,0.98
2021-02-25 09:41:38,75.69,31.11,3.80,0.85
2021-02-25 09:45:38,75.75,31.22,4.33,0.87
2021-02-25 09:49:38,75.76,31.23,4.28,0.88
2021-02-25 09:53:38,75.83,31.23,4.04,0.86
2021-02-25 09:57:38,75.90,31.42,4.21,0.95
2021-02-25 10:01:38,75.94,31.39,4.04,0.89
2021-02-25 10:05:38,75.99,31.39,4.09,0.91
2021-02-25 10:09:38,75.98,31.29,4.28,0.91
2021-02-25 10:13:38,76.03,31.44,4.02,0.93
2021-02-25 10:17:38,76.14,31.89,4.04,0.93
2021-02-25 10:21:38,76.09,31.54,4.16,0.87
2021-02-25 10:25:38,76.17,31.73,4.23,0.96
2021-02-25 10:29:38,76.12,31.54,4.30,0.89
2021-02-25 10:33:38,76.16,31.52,4.47,0.85
2021-02-25 10:37:38,76.25,32.25,4.35,0.82
2021-02-25 10:41:38,76.33,32.53,5.20,1.07
2021-02-25 10:45:38,76.38,32.91,5.44,1.14
2021-02-25 10:49:38,76.44,33.36,5.75,1.52
2021-02-25 10:53:38,76.25,32.56,5.25,0.86
2021-02-25 10:57:38,76.31,32.28,4.84,0.80
2021-02-25 11:01:38,76.37,31.88,4.28,0.76
2021-02-25 11:05:38,76.37,31.88,3.95,0.75
2021-02-25 11:09:38,76.35,32.66,3.98,0.85
2021-02-25 11:13:38,76.36,32.19,4.32,0.84
2021-02-25 11:17:38,76.44,31.85,4.37,0.79
2021-02-25 11:21:38,76.46,31.88,4.09,0.78
2021-02-25 11:25:38,76.39,33.09,4.59,1.01
2021-02-25 11:29:38,76.51,31.86,4.21,0.78
2021-02-25 11:33:38,76.60,31.84,4.01,0.74
2021-02-25 11:37:38,76.60,31.99,4.12,0.76
2021-02-25 11:41:38,76.65,32.08,4.21,0.80
2021-02-25 11:45:38,76.72,31.85,4.11,0.75
2021-02-25 11:49:38,76.75,31.77,3.87,0.75
2021-02-25 11:53:38,76.48,33.15,3.99,0.80
2021-02-25 11:57:38,76.69,32.38,3.95,0.79
2021-02-25 12:01:38,76.66,32.52,3.88,0.80
2021-02-25 12:05:38,76.45,33.41,4.42,0.97
2021-02-25 12:09:38,76.44,33.45,4.21,0.93
2021-02-25 12:13:38,76.47,33.42,4.49,0.96
2021-02-25 12:17:38,76.58,32.92,3.98,0.81
2021-02-25 12:21:38,76.79,32.21,3.95,0.80
2021-02-25 12:25:38,76.86,32.13,3.62,0.76
2021-02-25 12:29:38,76.63,33.12,3.83,0.76
2021-02-25 12:33:38,76.96,31.88,3.90,0.83
2021-02-25 12:37:38,76.75,32.69,3.63,0.81
2021-02-25 12:41:38,76.58,33.48,4.47,0.99
2021-02-25 12:45:38,76.94,32.27,3.64,0.78
2021-02-25 12:49:38,76.64,33.39,4.64,1.06
2021-02-25 12:53:38,77.09,31.86,3.66,0.76
2021-02-25 12:57:38,76.72,33.37,4.16,0.85
2021-02-25 13:01:38,77.11,31.99,3.71,0.76
2021-02-25 13:05:38,77.00,32.39,3.85,0.79
2021-02-25 13:09:38,77.07,32.40,3.95,0.82
2021-02-25 13:13:38,76.84,33.15,3.56,0.85
2021-02-25 13:17:38,76.99,32.78,3.64,0.88
2021-02-25 13:21:38,76.94,32.88,3.54,0.87
2021-02-25 13:25:38,76.76,33.51,4.64,1.31
2021-02-25 13:29:38,76.83,33.43,4.25,1.08
2021-02-25 13:33:38,76.88,33.19,3.62,0.83
2021-02-25 13:37:38,76.89,33.28,4.25,1.13
2021-02-25 13:41:38,76.74,33.59,4.52,1.28
2021-02-25 13:45:38,76.92,33.16,3.59,0.85
2021-02-25 13:49:38,77.09,32.67,3.49,0.88
2021-02-25 13:53:38,76.98,33.53,3.83,1.00
2021-02-25 13:57:38,76.91,33.50,3.76,1.09
2021-02-25 14:01:38,77.23,32.54,3.54,0.93
2021-02-25 14:05:38,76.97,33.57,4.49,1.51
2021-02-25 14:09:38,77.31,32.35,3.53,0.92
2021-02-25 14:13:38,76.95,33.65,4.49,1.92
2021-02-25 14:17:38,76.89,33.67,3.80,1.43
2021-02-25 14:21:38,76.80,33.85,4.35,1.73
2021-02-25 14:25:38,77.36,32.55,3.57,0.96
2021-02-25 14:29:38,77.37,32.34,3.52,1.04
2021-02-25 14:33:38,76.83,33.82,5.22,1.43
2021-02-25 14:37:38,76.95,33.55,4.06,1.20
2021-02-25 14:41:38,77.33,32.60,3.73,1.08
2021-02-25 14:45:38,76.97,33.58,5.80,1.32
2021-02-25 14:49:38,77.04,33.31,3.63,1.25
2021-02-25 14:53:38,77.35,32.49,4.25,1.26
2021-02-25 14:57:38,76.97,33.48,4.04,1.18
2021-02-25 15:01:38,76.91,33.69,7.13,1.07
2021-02-25 15:05:38,77.11,33.27,3.95,1.22
2021-02-25 15:09:38,77.38,32.51,3.40,1.18
2021-02-25 15:13:38,77.36,32.55,3.56,1.26
2021-02-25 15:17:38,77.38,32.55,3.78,1.25
2021-02-25 15:21:38,77.34,32.62,3.47,1.28
2021-02-25 15:25:38,77.40,32.50,3.49,1.25
2021-02-25 15:29:38,77.39,32.57,3.52,1.31
2021-02-25 15:33:38,77.39,32.53,3.59,1.26
2021-02-25 15:37:38,77.35,32.58,3.94,1.29
2021-02-25 15:41:38,77.35,32.55,3.68,1.35
2021-02-25 15:45:38,77.34,32.57,3.76,1.39
2021-02-25 15:49:38,77.36,32.55,3.73,1.28
2021-02-25 15:53:38,77.39,32.48,4.09,1.30
2021-02-25 15:57:38,77.38,32.51,3.90,1.29
2021-02-25 16:01:38,77.38,32.57,3.90,1.32
2021-02-25 16:05:38,77.41,32.45,3.94,1.35
2021-02-25 16:09:38,77.40,32.51,4.01,1.32
2021-02-25 16:13:38,77.38,32.59,3.80,1.30
2021-02-25 16:17:38,77.40,32.54,3.97,1.34
2021-02-25 16:21:38,77.42,32.42,4.21,1.41
2021-02-25 16:25:38,77.39,32.52,3.78,1.30
2021-02-25 16:29:38,77.42,32.44,4.28,1.36
2021-02-25 16:33:38,77.48,32.32,4.14,1.32
2021-02-25 16:37:38,77.48,32.34,4.37,1.39
2021-02-25 16:41:38,77.49,32.30,4.04,1.30
2021-02-25 16:45:38,77.54,32.18,4.14,1.37
2021-02-25 16:49:38,77.55,32.19,3.90,1.36
2021-02-25 16:53:38,77.54,32.23,4.21,1.53
2021-02-25 16:57:38,77.58,32.18,3.99,1.42
2021-02-25 17:01:38,77.58,32.19,3.87,1.42
2021-02-25 17:05:38,77.57,32.12,3.80,1.54
2021-02-25 17:09:38,77.55,32.16,3.78,1.49
2021-02-25 17:13:38,77.55,32.11,3.83,1.56
2021-02-25 17:17:38,77.56,32.10,3.95,1.57
2021-02-25 17:21:38,77.53,32.24,3.78,1.68
2021-02-25 17:25:38,77.57,31.97,4.06,1.57
2021-02-25 17:29:38,77.60,31.92,4.04,1.58
2021-02-25 17:33:38,77.57,31.89,3.80,1.55
2021-02-25 17:37:38,77.54,31.96,4.06,1.48
2021-02-25 17:41:38,77.54,31.77,4.09,1.55
2021-02-25 17:45:38,77.55,31.84,3.99,1.62
2021-02-25 17:49:38,77.56,31.89,3.99,1.63
2021-02-25 17:53:38,77.56,31.92,4.14,1.68
2021-02-25 17:57:38,77.50,32.00,4.11,1.74
2021-02-25 18:01:38,77.49,31.93,4.11,1.63
2021-02-25 18:05:38,77.49,31.78,4.21,1.72
2021-02-25 18:09:38,77.40,31.76,4.11,1.62
2021-02-25 18:13:38,77.46,31.88,4.09,1.71
2021-02-25 18:17:38,77.45,31.73,4.16,1.77
2021-02-25 18:21:38,77.45,31.74,4.15,1.90
2021-02-25 18:25:38,77.45,31.80,4.21,1.82
2021-02-25 18:29:38,77.41,31.85,4.14,1.84
2021-02-25 18:33:38,77.40,31.82,4.16,1.79
2021-02-25 18:37:38,77.41,31.80,4.06,1.81
2021-02-25 18:41:38,77.41,31.64,4.07,1.81
2021-02-25 18:45:38,77.40,31.60,3.92,1.91
2021-02-25 18:49:38,77.37,31.55,4.06,2.21
2021-02-25 18:53:38,77.34,31.69,4.06,2.04
2021-02-25 18:57:38,77.31,31.65,4.59,2.10
2021-02-25 19:01:38,77.30,31.56,3.95,1.97
2021-02-25 19:05:38,77.30,31.61,4.26,2.10
2021-02-25 19:09:38,77.28,31.71,4.08,2.08
2021-02-25 19:13:38,77.24,31.58,3.99,2.01
2021-02-25 19:17:38,77.26,31.71,4.11,2.11
2021-02-25 19:21:38,77.24,31.62,4.11,2.08
2021-02-25 19:25:38,77.20,31.58,4.06,2.05
2021-02-25 19:29:38,77.16,31.62,4.12,2.09
2021-02-25 19:33:38,77.08,31.60,4.21,2.06
2021-02-25 19:37:38,77.06,31.59,3.95,2.03
2021-02-25 19:41:38,77.04,31.58,3.99,2.00
2021-02-25 19:45:38,77.03,31.60,4.30,1.92
2021-02-25 19:49:38,77.02,31.62,3.95,1.95
2021-02-25 19:53:38,77.02,31.63,3.88,1.99
2021-02-25 19:57:38,76.98,31.61,3.73,1.94
2021-02-25 20:01:38,76.97,31.63,3.81,2.11
2021-02-25 20:05:38,76.98,31.64,3.64,1.89
2021-02-25 20:09:38,76.99,31.59,3.85,2.02
2021-02-25 20:13:38,76.99,31.64,3.78,2.10
2021-02-25 20:17:38,77.01,31.62,3.90,2.08
2021-02-25 20:21:38,77.02,31.61,3.78,1.94
2021-02-25 20:25:38,76.96,31.58,3.83,1.92
2021-02-25 20:29:38,77.01,31.68,4.02,1.93
2021-02-25 20:33:38,76.96,31.58,3.90,1.87
2021-02-25 20:37:38,76.92,31.59,3.87,1.97
2021-02-25 20:41:38,76.90,31.63,3.90,1.82
2021-02-25 20:45:38,76.86,31.64,3.83,1.73
2021-02-25 20:49:38,76.82,31.69,3.97,1.93
2021-02-25 20:53:38,76.81,31.74,3.78,1.92
2021-02-25 20:57:38,76.77,31.75,3.73,1.82
2021-02-25 21:01:38,77.03,33.64,5.29,1.89
2021-02-25 21:05:38,76.89,33.05,4.04,1.83
2021-02-25 21:09:38,76.95,33.49,8.85,2.16
2021-02-25 21:13:38,76.96,33.48,6.50,1.90
2021-02-25 21:17:38,76.66,32.14,3.88,1.82
2021-02-25 21:21:38,76.66,32.37,3.87,1.76
2021-02-25 21:25:38,76.58,32.14,3.63,1.71
2021-02-25 21:29:38,76.54,31.94,3.66,1.75
2021-02-25 21:33:38,76.89,33.19,9.94,1.59
2021-02-25 21:37:38,76.96,33.56,15.64,1.64
2021-02-25 21:41:38,76.58,32.16,3.99,1.70
2021-02-25 21:45:38,76.84,33.05,3.87,1.81
2021-02-25 21:49:38,76.75,32.69,3.73,1.67
2021-02-25 21:53:38,76.57,32.11,3.87,1.65
2021-02-25 21:57:38,76.58,32.11,3.68,1.84
2021-02-25 22:01:38,76.59,32.22,3.76,1.69
2021-02-25 22:05:38,76.66,32.44,3.83,1.77
2021-02-25 22:09:38,76.60,32.35,3.64,1.64
2021-02-25 22:13:38,76.68,32.75,3.80,1.65
2021-02-25 22:17:38,76.48,32.20,3.71,1.64
2021-02-25 22:21:38,76.69,32.71,3.62,1.63
2021-02-25 22:25:38,76.67,32.76,3.67,1.54
2021-02-25 22:29:38,76.72,32.89,4.02,1.65
2021-02-25 22:33:38,76.83,33.14,4.56,1.61
2021-02-25 22:37:38,76.70,32.87,4.06,1.72
2021-02-25 22:41:38,76.86,33.18,3.90,1.57
2021-02-25 22:45:38,76.89,33.28,4.42,1.60
2021-02-25 22:49:38,76.90,33.36,4.54,1.54
2021-02-25 22:53:38,76.89,33.32,4.68,1.69
2021-02-25 22:57:38,76.83,33.36,4.61,1.67
2021-02-25 23:01:38,76.89,33.65,5.13,1.65
2021-02-25 23:05:38,76.80,33.49,4.30,1.46
2021-02-25 23:09:38,76.71,33.27,3.97,1.47
2021-02-25 23:13:38,76.69,33.25,3.73,1.47
2021-02-25 23:17:38,76.75,33.32,3.66,1.53
2021-02-25 23:21:38,76.75,33.39,3.42,1.37
2021-02-25 23:25:38,76.71,33.31,3.88,1.50
2021-02-25 23:29:38,76.31,32.65,3.35,1.48
2021-02-25 23:33:38,76.84,33.52,4.14,1.47
2021-02-25 23:37:38,76.72,33.36,4.04,1.47
2021-02-25 23:41:38,76.77,33.48,3.83,1.45
2021-02-25 23:45:38,76.77,33.49,4.26,1.48
2021-02-25 23:49:38,76.79,33.55,4.02,1.52
2021-02-25 23:53:38,76.53,33.20,3.40,1.35
2021-02-25 23:57:38,76.58,33.32,3.37,1.51
2021-02-26 00:01:38,76.78,33.62,4.04,1.54
2021-02-26 00:05:38,76.87,33.91,4.23,1.54
2021-02-26 00:09:38,76.44,33.14,3.31,1.52
2021-02-26 00:13:38,76.57,33.34,3.56,1.49
2021-02-26 00:17:38,76.60,33.41,3.54,1.59
2021-02-26 00:21:38,76.61,33.51,3.21,1.52
2021-02-26 00:25:38,76.48,33.25,3.26,1.53
2021-02-26 00:29:38,76.53,33.30,3.33,1.46
2021-02-26 00:33:38,76.41,33.22,3.69,1.48
2021-02-26 00:37:38,76.64,33.49,3.56,1.48
2021-02-26 00:41:38,76.52,33.33,3.42,1.51
2021-02-26 00:45:38,76.40,33.21,3.64,1.58
2021-02-26 00:49:38,76.68,33.64,3.83,1.49
2021-02-26 00:53:38,76.59,33.43,3.40,1.52
2021-02-26 00:57:38,76.24,33.16,3.19,1.41
2021-02-26 01:01:38,76.59,33.52,3.12,1.54
2021-02-26 01:05:38,76.20,33.09,3.40,1.48
2021-02-26 01:09:38,76.53,34.04,3.73,1.01
2021-02-26 01:13:38,76.43,33.45,3.59,1.53
2021-02-26 01:17:38,76.39,33.43,3.47,1.52
2021-02-26 01:21:38,76.49,33.57,3.71,1.55
2021-02-26 01:25:38,76.56,33.60,4.37,1.62
2021-02-26 01:29:38,76.27,33.32,3.39,1.49
2021-02-26 01:33:38,76.57,33.83,4.25,1.54
2021-02-26 01:37:38,76.65,33.96,4.93,1.58
2021-02-26 01:41:38,76.19,33.34,3.78,1.67
2021-02-26 01:45:38,76.44,33.89,3.94,1.47
2021-02-26 01:49:38,76.35,33.62,3.81,1.62
2021-02-26 01:53:38,76.45,33.69,4.04,1.62
2021-02-26 01:57:38,76.25,33.45,3.68,1.59
2021-02-26 02:01:38,76.38,34.01,4.02,1.20
2021-02-26 02:05:38,76.21,33.53,3.85,1.47
2021-02-26 02:09:38,76.04,33.30,3.42,1.51
2021-02-26 02:13:38,76.29,33.67,3.97,1.36
2021-02-26 02:17:38,76.33,33.85,3.95,1.41
2021-02-26 02:21:38,76.07,33.44,3.57,1.43
2021-02-26 02:25:38,76.35,33.70,4.02,1.62
2021-02-26 02:29:38,76.46,33.90,4.49,1.51
2021-02-26 02:33:38,76.44,33.82,4.25,1.64
2021-02-26 02:37:38,76.03,33.38,3.54,1.49
2021-02-26 02:41:38,75.89,33.28,3.66,1.60
2021-02-26 02:45:38,76.61,33.83,4.12,1.65
2021-02-26 02:49:38,75.89,33.36,3.66,1.60
2021-02-26 02:53:38,75.92,33.33,3.73,1.51
2021-02-26 02:57:38,76.50,33.78,4.39,1.75
2021-02-26 03:01:38,75.94,33.40,4.09,1.53
2021-02-26 03:05:38,76.01,33.42,3.97,1.56
2021-02-26 03:09:38,75.90,33.39,4.07,1.54
2021-02-26 03:13:38,76.58,34.06,4.51,1.72
2021-02-26 03:17:38,76.64,34.04,4.23,1.68
2021-02-26 03:21:38,75.93,33.48,4.07,1.52
2021-02-26 03:25:38,76.30,34.05,4.21,1.17
2021-02-26 03:29:38,76.08,33.66,3.78,1.53
2021-02-26 03:33:38,75.79,33.47,3.88,1.52
2021-02-26 03:37:38,75.74,33.46,4.04,1.51
2021-02-26 03:41:38,76.01,33.66,3.66,1.49
2021-02-26 03:45:38,76.26,33.81,3.78,1.56
2021-02-26 03:49:38,75.77,33.52,4.14,1.54
2021-02-26 03:53:38,75.94,33.59,4.33,1.51
2021-02-26 03:57:38,75.98,33.64,4.61,1.54
2021-02-26 04:01:38,76.19,33.76,4.82,1.54
2021-02-26 04:05:38,75.88,33.60,4.16,1.57
2021-02-26 04:09:38,75.84,33.57,4.14,1.49
2021-02-26 04:13:38,75.97,33.64,4.11,1.47
2021-02-26 04:17:38,75.85,33.60,3.95,1.54
2021-02-26 04:21:38,75.90,33.59,4.02,1.54
2021-02-26 04:25:38,75.94,33.62,3.92,1.53
2021-02-26 04:29:38,75.96,33.62,3.81,1.53
2021-02-26 04:33:38,75.94,33.64,3.87,1.48
2021-02-26 04:37:38,76.00,33.64,3.95,1.47
2021-02-26 04:41:38,75.97,33.65,3.63,1.43
2021-02-26 04:45:38,75.87,33.60,3.37,1.36
2021-02-26 04:49:38,75.81,33.46,3.61,1.16
2021-02-26 04:53:38,75.60,33.23,3.64,1.17
2021-02-26 04:57:38,75.51,32.95,3.61,1.07
2021-02-26 05:01:38,75.47,32.80,3.40,1.05
2021-02-26 05:05:38,75.42,32.67,3.61,1.09
2021-02-26 05:09:38,75.44,32.60,3.54,1.07
2021-02-26 05:13:38,75.52,32.75,3.64,1.08
2021-02-26 05:17:38,75.45,32.65,3.76,1.16
2021-02-26 05:21:38,75.46,32.60,3.59,1.06
2021-02-26 05:25:38,75.45,32.58,3.78,1.11
2021-02-26 05:29:38,75.43,32.50,3.56,1.09
2021-02-26 05:33:38,75.46,32.51,3.78,1.08
2021-02-26 05:37:38,75.48,32.46,3.56,1.07
2021-02-26 05:41:38,75.52,32.42,3.61,1.06
2021-02-26 05:45:38,75.48,32.26,3.83,1.10
2021-02-26 05:49:38,75.44,32.22,3.61,1.07
2021-02-26 05:53:38,75.50,32.29,3.69,1.17
2021-02-26 05:57:38,75.42,32.00,3.38,1.04
2021-02-26 06:01:38,75.45,32.14,3.59,1.06
2021-02-26 06:05:38,75.48,32.14,3.61,1.08
2021-02-26 06:09:38,75.32,31.80,3.64,1.01
2021-02-26 06:13:38,75.55,32.28,3.76,1.06
2021-02-26 06:17:38,75.49,32.21,3.73,1.07
2021-02-26 06:21:38,75.36,31.95,3.54,1.06
2021-02-26 06:25:38,75.30,31.85,3.32,1.01
2021-02-26 06:29:38,75.41,32.02,3.73,1.05
2021-02-26 06:33:38,75.27,31.81,3.69,1.01
2021-02-26 06:37:38,75.26,31.81,3.61,1.01
2021-02-26 06:41:38,75.25,31.81,3.54,0.99
2021-02-26 06:45:38,75.13,31.69,3.42,0.96
2021-02-26 06:49:38,75.20,31.70,3.83,0.95
2021-02-26 06:53:38,75.24,31.72,3.73,0.99
2021-02-26 06:57:38,75.16,31.53,3.59,1.01
2021-02-26 07:01:38,75.20,31.61,3.67,0.92
2021-02-26 07:05:38,75.12,31.49,3.50,0.86
2021-02-26 07:09:38,75.14,31.46,3.86,0.96
2021-02-26 07:13:38,75.11,31.39,3.88,0.99
2021-02-26 07:17:38,75.10,31.38,3.81,0.93
2021-02-26 07:21:38,75.07,31.43,3.73,0.88
2021-02-26 07:25:38,75.16,31.55,4.02,0.90
2021-02-26 07:29:38,75.09,31.49,3.97,0.88
2021-02-26 07:33:38,75.11,31.59,4.00,0.87
2021-02-26 07:37:38,75.05,31.51,3.61,0.82
2021-02-26 07:41:38,74.98,31.36,3.64,0.80
2021-02-26 07:45:38,74.97,31.35,3.88,0.80
2021-02-26 07:49:38,74.93,31.26,3.69,0.87
2021-02-26 07:53:38,74.97,31.36,3.47,0.81
2021-02-26 07:57:38,74.95,31.31,3.42,0.82
2021-02-26 08:01:38,74.95,31.23,3.38,0.82
2021-02-26 08:05:38,74.89,31.11,3.40,0.85
2021-02-26 08:09:38,74.88,31.08,3.43,0.82
2021-02-26 08:13:38,74.90,31.11,3.37,0.79
2021-02-26 08:17:38,74.90,31.01,3.37,0.81
2021-02-26 08:21:38,74.89,31.01,3.47,0.84
2021-02-26 08:25:38,74.93,31.06,3.49,0.83
2021-02-26 08:29:38,74.95,31.11,3.45,0.81
2021-02-26 08:33:38,74.92,31.06,3.40,0.81
2021-02-26 08:37:38,74.90,30.96,3.54,0.86
2021-02-26 08:41:38,74.94,30.98,3.45,0.82
2021-02-26 08:45:38,74.98,31.03,3.50,0.86
2021-02-26 08:49:38,75.00,30.97,3.45,0.81
2021-02-26 08:53:38,75.05,31.01,3.47,0.79
2021-02-26 08:57:38,75.12,31.17,3.38,0.87
2021-02-26 09:01:38,75.27,31.48,3.52,0.82
2021-02-26 09:05:38,75.15,31.19,3.35,0.81
2021-02-26 09:09:38,75.17,31.08,3.40,0.77
2021-02-26 09:13:38,75.21,31.19,3.69,0.90
2021-02-26 09:17:38,75.19,31.17,3.73,0.82
2021-02-26 09:21:38,75.30,31.26,3.45,0.87
2021-02-26 09:25:38,75.36,31.37,3.45,0.83
2021-02-26 09:29:38,75.37,31.37,3.45,0.74
2021-02-26 09:33:38,75.36,31.18,3.78,0.81
2021-02-26 09:37:38,75.43,31.24,3.90,0.81
2021-02-26 09:41:38,75.43,31.10,3.83,0.74
2021-02-26 09:45:38,75.46,31.11,3.66,0.75
2021-02-26 09:49:38,75.44,30.88,3.94,0.75
2021-02-26 09:53:38,75.55,31.10,3.90,0.80
2021-02-26 09:57:38,75.60,31.18,4.04,0.75
2021-02-26 10:01:38,75.64,31.26,3.88,0.73
2021-02-26 10:05:38,75.62,31.18,3.79,0.78
2021-02-26 10:09:38,75.60,31.01,3.85,0.73
2021-02-26 10:13:38,75.65,31.04,3.78,0.70
2021-02-26 10:17:38,75.70,31.23,3.95,0.82
2021-02-26 10:21:38,75.71,31.36,3.78,0.76
2021-02-26 10:25:38,75.72,31.38,3.83,0.71
2021-02-26 10:29:38,75.74,31.33,3.90,0.78
2021-02-26 10:33:38,75.74,31.29,3.75,0.76
2021-02-26 10:37:38,75.80,31.49,3.63,0.75
2021-02-26 10:41:38,75.75,31.39,3.73,0.76
2021-02-26 10:45:38,75.75,31.42,3.93,0.75
2021-02-26 10:49:38,75.84,31.94,4.12,0.72
2021-02-26 10:53:38,75.81,31.69,4.02,0.71
2021-02-26 10:57:38,75.81,31.31,3.73,0.70
2021-02-26 11:01:38,75.89,31.35,3.93,0.68
2021-02-26 11:05:38,75.99,33.76,8.27,0.96
2021-02-26 11:09:38,76.00,31.98,4.06,0.70
2021-02-26 11:13:38,75.97,31.61,3.83,0.66
2021-02-26 11:17:38,76.01,33.52,7.23,0.95
2021-02-26 11:21:38,76.07,31.75,4.16,0.71
2021-02-26 11:25:38,76.06,32.99,4.04,0.71
2021-02-26 11:29:38,76.19,31.78,4.11,0.73
2021-02-26 11:33:38,76.21,31.79,3.95,0.66
2021-02-26 11:37:38,76.24,31.65,3.95,0.68
2021-02-26 11:41:38,76.28,31.70,3.95,0.64
2021-02-26 11:45:38,76.15,33.65,5.19,0.80
2021-02-26 11:49:38,76.29,31.68,3.71,0.66
2021-02-26 11:53:38,76.32,31.71,3.81,0.63
2021-02-26 11:57:38,76.22,32.81,4.75,0.75
2021-02-26 12:01:38,76.32,31.88,3.92,0.74
2021-02-26 12:05:38,76.30,32.18,3.49,0.63
2021-02-26 12:09:38,76.34,32.17,3.54,0.67
2021-02-26 12:13:38,76.39,31.87,3.57,0.67
2021-02-26 12:17:38,76.42,31.98,3.59,0.64
2021-02-26 12:21:38,76.40,32.31,3.81,0.66
2021-02-26 12:25:38,76.33,32.92,3.52,0.65
2021-02-26 12:29:38,76.50,31.90,3.54,0.66
2021-02-26 12:33:38,76.52,31.89,3.54,0.64
2021-02-26 12:37:38,76.32,33.69,5.65,1.09
2021-02-26 12:41:38,76.50,32.43,3.88,0.71
2021-02-26 12:45:38,76.62,31.94,3.35,0.66
2021-02-26 12:49:38,76.40,33.24,3.95,0.77
2021-02-26 12:53:38,76.39,33.45,3.56,0.66
2021-02-26 12:57:38,76.52,32.85,3.78,0.68
2021-02-26 13:01:38,76.57,32.57,3.68,0.73
2021-02-26 13:05:38,76.69,32.13,3.47,0.67
2021-02-26 13:09:38,76.31,33.79,3.66,0.74
2021-02-26 13:13:38,76.48,33.29,3.71,0.79
2021-02-26 13:17:38,76.48,33.32,3.42,0.76
2021-02-26 13:21:38,76.57,32.92,3.54,0.74
2021-02-26 13:25:38,76.45,33.61,4.59,1.19
2021-02-26 13:29:38,76.74,32.27,3.33,0.76
2021-02-26 13:33:38,76.66,32.61,3.47,0.76
2021-02-26 13:37:38,76.47,33.46,4.39,1.17
2021-02-26 13:41:38,76.65,32.79,3.63,0.81
2021-02-26 13:45:38,76.63,32.73,3.49,0.86
2021-02-26 13:49:38,76.58,33.05,3.40,0.87
2021-02-26 13:53:38,76.67,32.52,3.35,0.86
2021-02-26 13:57:38,76.43,33.92,4.82,0.99
2021-02-26 14:01:38,76.53,33.34,3.78,0.94
2021-02-26 14:05:38,76.54,33.42,3.19,0.86
2021-02-26 14:09:38,76.53,33.61,3.98,1.03
2021-02-26 14:13:38,76.53,33.59,4.11,0.94
2021-02-26 14:17:38,76.64,33.13,3.21,0.85
2021-02-26 14:21:38,76.54,33.63,4.04,0.99
2021-02-26 14:25:38,76.93,32.53,3.07,0.87
2021-02-26 14:29:38,76.68,33.60,4.68,1.00
2021-02-26 14:33:38,76.68,33.66,4.11,0.99
2021-02-26 14:37:38,76.69,33.36,5.10,1.01
2021-02-26 14:41:38,76.54,33.68,8.63,0.91
2021-02-26 14:45:38,76.55,33.69,9.26,0.93
2021-02-26 14:49:38,76.90,32.77,3.71,0.90
2021-02-26 14:53:38,76.74,33.18,3.59,0.94
2021-02-26 14:57:38,76.90,32.88,3.57,0.91
2021-02-26 15:01:38,76.66,33.57,6.67,0.90
2021-02-26 15:05:38,76.97,32.81,3.24,0.85
2021-02-26 15:09:38,76.99,32.69,3.35,0.95
2021-02-26 15:13:38,76.96,32.78,4.21,0.95
2021-02-26 15:17:38,76.79,33.27,3.71,1.00
2021-02-26 15:21:38,76.70,33.52,3.76,0.98
2021-02-26 15:25:38,76.91,32.94,3.49,1.02
2021-02-26 15:29:38,76.98,32.68,3.29,1.02
2021-02-26 15:33:38,76.93,32.76,3.52,1.02
2021-02-26 15:37:38,76.76,33.30,3.35,1.00
2021-02-26 15:41:38,76.99,32.43,3.29,1.03
2021-02-26 15:45:38,76.97,32.45,3.31,1.04
2021-02-26 15:49:38,76.72,33.31,4.02,1.07
2021-02-26 15:53:38,76.94,32.43,3.73,1.11
2021-02-26 15:57:38,76.97,32.53,3.52,1.07
2021-02-26 16:01:38,76.96,32.58,3.52,1.14
2021-02-26 16:05:38,77.03,32.37,3.66,1.11
2021-02-26 16:09:38,76.73,33.61,5.27,1.06
2021-02-26 16:13:38,77.09,32.29,3.45,1.06
2021-02-26 16:17:38,77.04,32.43,3.35,1.06
2021-02-26 16:21:38,76.75,33.61,3.68,1.18
2021-02-26 16:25:38,77.01,32.44,3.37,1.17
2021-02-26 16:29:38,77.06,32.31,3.33,1.19
2021-02-26 16:33:38,77.11,32.20,3.45,1.19
2021-02-26 16:37:38,77.12,32.21,3.42,1.21
2021-02-26 16:41:38,77.28,31.98,3.42,1.11
2021-02-26 16:45:38,77.29,32.01,3.70,1.20
2021-02-26 16:49:38,77.26,31.92,3.52,1.18
2021-02-26 16:53:38,77.26,31.90,3.69,1.29
2021-02-26 16:57:38,77.25,31.93,3.49,1.24
2021-02-26 17:01:38,77.22,31.88,3.52,1.20
2021-02-26 17:05:38,77.29,31.71,3.61,1.31
2021-02-26 17:09:38,77.27,31.87,3.73,1.26
2021-02-26 17:13:38,77.32,31.67,3.68,1.20
2021-02-26 17:17:38,77.37,31.59,3.78,1.19
2021-02-26 17:21:38,77.42,31.51,3.85,1.24
2021-02-26 17:25:38,77.37,31.74,3.76,1.42
2021-02-26 17:29:38,77.36,31.68,3.66,1.21
2021-02-26 17:33:38,77.39,31.41,3.85,1.32
2021-02-26 17:37:38,77.30,31.66,3.78,1.37
2021-02-26 17:41:38,77.36,31.45,3.78,1.32
2021-02-26 17:45:38,77.34,31.44,3.71,1.30
2021-02-26 17:49:38,77.25,31.67,4.01,1.46
2021-02-26 17:53:38,77.34,31.39,4.02,1.46
2021-02-26 17:57:38,77.30,31.47,3.83,1.43
2021-02-26 18:01:38,77.20,31.37,4.04,1.49
2021-02-26 18:05:38,77.25,31.26,3.97,1.51
2021-02-26 18:09:38,77.24,31.35,3.87,1.48
2021-02-26 18:13:38,77.23,31.24,3.87,1.57
2021-02-26 18:17:38,77.21,31.31,3.90,1.78
2021-02-26 18:21:38,77.20,31.19,4.09,1.58
2021-02-26 18:25:38,77.22,31.05,3.90,1.42
2021-02-26 18:29:38,77.20,31.30,3.85,1.52
2021-02-26 18:33:38,77.18,30.99,3.80,1.53
2021-02-26 18:37:38,77.15,31.10,3.97,1.56
2021-02-26 18:41:38,77.20,30.91,3.95,1.58
2021-02-26 18:45:38,77.21,30.94,4.02,1.70
2021-02-26 18:49:38,77.06,31.96,3.97,1.68
2021-02-26 18:53:38,77.08,30.87,4.02,1.76
2021-02-26 18:57:38,77.09,30.87,3.87,1.70
2021-02-26 19:01:38,77.07,30.93,3.97,1.76
2021-02-26 19:05:38,77.08,31.02,4.02,1.76
2021-02-26 19:09:38,77.07,30.95,3.90,1.82
2021-02-26 19:13:38,77.06,31.07,3.83,1.72
2021-02-26 19:17:38,77.03,30.98,3.90,1.75
2021-02-26 19:21:38,77.06,31.04,3.80,1.80
2021-02-26 19:25:38,77.01,30.99,3.78,1.93
2021-02-26 19:29:38,76.96,30.99,3.76,1.79
2021-02-26 19:33:38,76.97,30.92,3.99,1.87
2021-02-26 19:37:38,76.96,30.96,3.73,1.77
2021-02-26 19:41:38,76.94,30.97,3.95,1.85
2021-02-26 19:45:38,76.91,30.93,3.69,1.75
2021-02-26 19:49:38,76.91,30.94,3.71,1.78
2021-02-26 19:53:38,76.90,30.88,3.56,1.73
2021-02-26 19:57:38,76.90,30.92,4.49,1.88
2021-02-26 20:01:38,76.91,30.93,3.85,1.82
2021-02-26 20:05:38,76.86,31.01,3.85,1.88
2021-02-26 20:09:38,76.87,31.13,3.57,1.75
2021-02-26 20:13:38,76.75,30.99,3.54,1.74
2021-02-26 20:17:38,76.84,31.31,3.67,1.76
2021-02-26 20:21:38,76.72,31.24,3.47,1.64
2021-02-26 20:25:38,76.74,31.20,3.54,1.76
2021-02-26 20:29:38,76.72,31.18,3.97,1.53
2021-02-26 20:33:38,76.68,31.07,4.32,1.62
2021-02-26 20:37:38,76.64,30.95,4.51,1.59
2021-02-26 20:41:38,76.68,31.09,3.90,1.48
2021-02-26 20:45:38,76.65,31.01,3.80,1.59
2021-02-26 20:49:38,76.62,31.50,3.73,1.49
2021-02-26 20:53:38,76.66,30.81,3.81,1.51
2021-02-26 20:57:38,76.65,30.84,3.87,1.52
2021-02-26 21:01:38,76.59,31.70,3.92,1.59
2021-02-26 21:05:38,76.48,30.83,3.83,1.55
2021-02-26 21:09:38,76.54,31.18,4.09,1.58
2021-02-26 21:13:38,76.52,31.00,3.76,1.57
2021-02-26 21:17:38,76.47,30.87,3.81,1.57
2021-02-26 21:21:38,76.46,31.01,3.95,1.59
2021-02-26 21:25:38,76.43,30.91,3.95,1.63
2021-02-26 21:29:38,76.39,30.94,3.88,1.56
2021-02-26 21:33:38,76.36,31.19,3.94,1.53
2021-02-26 21:37:38,76.32,30.90,3.99,1.63
2021-02-26 21:41:38,76.35,31.33,3.78,1.62
2021-02-26 21:45:38,76.56,33.04,3.95,1.53
2021-02-26 21:49:38,76.30,30.96,3.88,1.48
2021-02-26 21:53:38,76.42,32.29,4.06,1.53
2021-02-26 21:57:38,76.37,31.90,3.99,1.48
2021-02-26 22:01:38,76.24,30.99,3.76,1.38
2021-02-26 22:05:38,76.32,31.44,4.04,1.52
2021-02-26 22:09:38,76.21,31.10,3.61,1.53
2021-02-26 22:13:38,76.21,31.34,3.78,1.51
2021-02-26 22:17:38,76.52,33.09,4.47,1.48
2021-02-26 22:21:38,76.48,33.01,4.06,1.47
2021-02-26 22:25:38,76.23,31.68,3.42,1.37
2021-02-26 22:29:38,76.58,33.36,5.71,1.55
2021-02-26 22:33:38,76.33,31.87,3.90,1.41
2021-02-26 22:37:38,76.32,32.29,3.99,1.41
2021-02-26 22:41:38,76.61,33.28,5.87,1.31
2021-02-26 22:45:38,76.48,32.74,3.61,1.47
2021-02-26 22:49:38,76.58,33.44,5.75,1.42
2021-02-26 22:53:38,76.55,33.23,4.54,1.35
2021-02-26 22:57:38,76.53,33.26,5.19,1.35
2021-02-26 23:01:38,76.58,33.49,5.10,1.39
2021-02-26 23:05:38,76.52,33.24,4.47,1.36
2021-02-26 23:09:38,76.36,32.79,3.85,1.36
2021-02-26 23:13:38,76.50,33.14,3.95,1.29
2021-02-26 23:17:38,76.51,33.15,4.02,1.34
2021-02-26 23:21:38,76.51,33.24,4.16,1.39
2021-02-26 23:25:38,76.48,33.13,3.95,1.37
2021-02-26 23:29:38,76.50,33.17,4.93,1.40
2021-02-26 23:33:38,76.55,33.27,4.98,1.41
2021-02-26 23:37:38,76.57,33.37,4.80,1.38
2021-02-26 23:41:38,76.64,33.72,3.56,1.23
2021-02-26 23:45:38,76.50,33.31,4.59,1.35
2021-02-26 23:49:38,76.37,33.00,3.92,1.29
2021-02-26 23:53:38,76.60,33.69,4.66,1.29
2021-02-26 23:57:38,76.51,33.43,4.47,1.22
2021-02-27 00:01:38,75.70,31.73,3.45,1.28
2021-02-27 00:05:38,76.32,32.99,3.81,1.20
2021-02-27 00:09:38,76.51,33.94,4.38,1.34
2021-02-27 00:13:38,76.37,33.25,3.83,1.23
2021-02-27 00:17:38,76.32,33.09,4.21,1.20
2021-02-27 00:21:38,76.46,33.41,4.52,1.31
2021-02-27 00:25:38,76.41,33.36,3.87,1.30
2021-02-27 00:29:38,76.47,33.97,3.88,1.21
2021-02-27 00:33:38,76.38,33.37,4.30,1.26
2021-02-27 00:37:38,76.47,33.52,4.14,1.20
2021-02-27 00:41:38,76.41,33.52,4.14,1.26
2021-02-27 00:45:38,76.37,33.31,3.87,1.23
2021-02-27 00:49:38,76.45,33.57,4.14,1.24
2021-02-27 00:53:38,76.41,33.89,4.28,1.32
2021-02-27 00:57:38,76.32,33.23,4.01,1.11
2021-02-27 01:01:38,76.47,33.49,3.92,1.30
2021-02-27 01:05:38,76.39,33.80,3.92,1.13
2021-02-27 01:09:38,76.44,33.49,3.92,1.23
2021-02-27 01:13:38,76.40,33.43,3.83,1.17
2021-02-27 01:17:38,76.43,33.50,4.02,1.30
2021-02-27 01:21:38,76.42,33.60,5.51,1.56
2021-02-27 01:25:38,76.42,33.61,4.06,1.19
2021-02-27 01:29:38,76.32,33.55,4.07,1.24
2021-02-27 01:33:38,76.39,33.45,4.09,1.20
2021-02-27 01:37:38,76.36,33.52,4.54,1.35
2021-02-27 01:41:38,76.43,33.65,4.33,1.32
2021-02-27 01:45:38,76.29,33.64,3.97,1.21
2021-02-27 01:49:38,76.28,33.53,4.11,1.34
2021-02-27 01:53:38,76.32,33.43,3.78,1.13
2021-02-27 01:57:38,76.29,33.92,4.16,1.31
2021-02-27 02:01:38,76.26,33.50,4.42,1.34
2021-02-27 02:05:38,75.97,33.09,3.90,1.22
2021-02-27 02:09:38,76.20,34.01,4.11,0.96
2021-02-27 02:13:38,76.18,33.60,4.52,1.13
2021-02-27 02:17:38,76.13,33.47,3.52,1.14
2021-02-27 02:21:38,76.24,33.82,4.40,1.25
2021-02-27 02:25:38,76.22,33.77,4.09,1.09
2021-02-27 02:29:38,76.06,33.45,4.04,1.13
2021-02-27 02:33:38,75.84,33.10,3.59,1.19
2021-02-27 02:37:38,76.13,33.98,4.19,0.99
2021-02-27 02:41:38,76.14,33.57,3.87,1.01
2021-02-27 02:45:38,75.90,33.23,3.19,1.09
2021-02-27 02:49:38,76.07,33.55,3.73,1.03
2021-02-27 02:53:38,75.98,33.41,3.64,1.08
2021-02-27 02:57:38,76.03,33.62,3.66,1.02
2021-02-27 03:01:38,76.31,33.80,4.06,1.06
2021-02-27 03:05:38,76.02,33.52,3.87,1.19
2021-02-27 03:09:38,76.20,33.97,4.44,1.11
2021-02-27 03:13:38,76.31,33.82,4.40,1.28
2021-02-27 03:17:38,76.15,33.56,3.80,1.19
2021-02-27 03:21:38,76.13,33.73,4.47,1.16
2021-02-27 03:25:38,76.03,33.52,4.13,1.24
2021-02-27 03:29:38,76.00,33.47,3.92,1.14
2021-02-27 03:33:38,76.21,33.79,4.32,1.21
2021-02-27 03:37:38,76.06,33.53,4.42,1.31
2021-02-27 03:41:38,76.25,33.86,4.47,1.26
2021-02-27 03:45:38,76.16,33.73,4.45,1.20
2021-02-27 03:49:38,75.64,33.17,3.35,1.08
2021-02-27 03:53:38,76.34,33.97,5.20,1.40
2021-02-27 03:57:38,76.34,33.95,5.18,1.39
2021-02-27 04:01:38,75.74,33.33,3.83,1.14
2021-02-27 04:05:38,75.95,33.54,3.73,1.13
2021-02-27 04:09:38,76.23,33.84,5.32,1.34
2021-02-27 04:13:38,76.34,33.99,5.70,1.31
2021-02-27 04:17:38,75.69,33.26,3.73,1.12
2021-02-27 04:21:38,75.73,33.26,3.59,1.11
2021-02-27 04:25:38,75.59,33.13,3.49,1.09
2021-02-27 04:29:38,75.93,33.54,3.42,1.06
2021-02-27 04:33:38,75.01,32.27,3.21,1.05
2021-02-27 04:37:38,75.03,32.24,3.45,1.08
2021-02-27 04:41:38,74.95,31.93,3.26,1.09
2021-02-27 04:45:38,74.92,31.79,3.59,1.09
2021-02-27 04:49:38,74.91,31.70,3.35,0.97
2021-02-27 04:53:38,74.81,31.46,3.45,1.00
2021-02-27 04:57:38,74.89,31.49,3.45,1.05
2021-02-27 05:01:38,75.11,31.79,3.42,1.02
2021-02-27 05:05:38,74.99,31.71,3.85,1.01
2021-02-27 05:09:38,74.96,31.31,3.52,0.96
2021-02-27 05:13:38,75.22,31.86,3.59,1.05
2021-02-27 05:17:38,74.78,30.98,3.76,1.03
2021-02-27 05:21:38,75.53,32.28,3.61,1.00
2021-02-27 05:25:38,74.71,30.76,3.54,1.02
2021-02-27 05:29:38,74.64,30.57,3.40,1.01
2021-02-27 05:33:38,74.80,30.84,3.67,1.06
2021-02-27 05:37:38,75.10,31.47,3.69,1.02
2021-02-27 05:41:38,74.71,30.45,3.37,1.00
2021-02-27 05:45:38,74.75,30.45,3.52,1.02
2021-02-27 05:49:38,76.08,33.46,3.59,1.03
2021-02-27 05:53:38,74.75,30.24,3.66,0.96
2021-02-27 05:57:38,75.60,32.67,3.57,1.01
2021-02-27 06:01:38,75.10,31.14,3.90,1.02
2021-02-27 06:05:38,74.98,30.89,3.52,1.01
2021-02-27 06:09:38,74.58,29.67,3.73,1.09
2021-02-27 06:13:38,74.94,30.89,3.88,1.05
2021-02-27 06:17:38,74.75,30.14,3.59,1.00
2021-02-27 06:21:38,75.66,32.55,3.76,1.04
2021-02-27 06:25:38,75.55,31.89,3.81,1.02
2021-02-27 06:29:38,74.58,29.63,3.73,1.04
2021-02-27 06:33:38,74.60,29.68,3.45,1.02
2021-02-27 06:37:38,75.84,33.02,3.64,1.03
2021-02-27 06:41:38,74.63,29.89,3.64,1.03
2021-02-27 06:45:38,74.77,30.22,3.98,1.01
2021-02-27 06:49:38,74.55,29.66,3.93,0.96
2021-02-27 06:53:38,74.58,29.76,4.02,1.02
2021-02-27 06:57:38,74.61,29.93,3.78,0.99
2021-02-27 07:01:38,75.54,32.44,3.90,0.93
2021-02-27 07:05:38,74.68,29.91,3.95,0.94
2021-02-27 07:09:38,74.54,29.70,3.68,0.91
2021-02-27 07:13:38,74.70,30.17,4.26,0.97
2021-02-27 07:17:38,74.69,30.11,3.83,0.93
2021-02-27 07:21:38,74.65,29.84,3.78,0.90
2021-02-27 07:25:38,74.63,29.87,3.97,0.87
2021-02-27 07:29:38,74.65,29.93,3.85,0.91
2021-02-27 07:33:38,74.86,30.35,3.86,0.88
2021-02-27 07:37:38,74.74,30.14,4.09,0.86
2021-02-27 07:41:38,74.96,30.61,4.21,0.92
2021-02-27 07:45:38,74.66,30.03,4.35,0.83
2021-02-27 07:49:38,75.25,31.41,4.31,0.79
2021-02-27 07:53:38,74.78,30.20,3.95,0.82
2021-02-27 07:57:38,74.67,29.91,3.81,0.80
2021-02-27 08:01:38,74.69,29.83,3.68,0.83
2021-02-27 08:05:38,74.84,30.14,3.73,0.85
2021-02-27 08:09:38,74.79,30.13,3.90,0.82
2021-02-27 08:13:38,74.82,30.10,4.07,0.87
2021-02-27 08:17:38,74.85,29.94,3.92,0.89
2021-02-27 08:21:38,74.89,29.91,4.28,0.92
2021-02-27 08:25:38,74.97,29.89,4.14,0.91
2021-02-27 08:29:38,74.93,29.38,4.45,0.91
2021-02-27 08:33:38,75.31,30.20,4.88,0.91
2021-02-27 08:37:38,75.19,30.18,5.32,0.84
2021-02-27 08:41:38,75.95,32.67,4.73,0.93
2021-02-27 08:45:38,75.91,32.34,4.98,1.00
2021-02-27 08:49:38,75.88,32.87,7.13,0.94
2021-02-27 08:53:38,75.85,32.37,6.71,0.88
2021-02-27 08:57:38,75.42,30.83,6.14,0.95
2021-02-27 09:01:38,75.59,31.41,6.89,0.91
2021-02-27 09:05:38,75.90,32.40,6.00,0.92
2021-02-27 09:09:38,74.80,28.07,6.24,0.93
2021-02-27 09:13:38,75.77,32.50,6.14,0.98
2021-02-27 09:17:38,75.63,31.62,6.23,0.95
2021-02-27 09:21:38,75.96,33.00,6.24,0.85
2021-02-27 09:25:38,74.65,26.83,6.67,0.83
2021-02-27 09:29:38,75.95,32.58,6.34,0.83
2021-02-27 09:33:38,75.91,32.14,6.12,0.80
2021-02-27 09:37:38,75.91,32.09,5.63,0.79
2021-02-27 09:41:38,76.15,33.56,5.61,0.85
2021-02-27 09:45:38,75.95,31.93,5.54,0.79
2021-02-27 09:49:38,76.09,33.21,5.34,1.40
2021-02-27 09:53:38,75.74,31.40,5.71,0.75
2021-02-27 09:57:38,75.60,30.60,6.19,0.74
2021-02-27 10:01:38,75.90,32.02,5.46,0.95
2021-02-27 10:05:38,75.98,32.58,4.35,1.07
2021-02-27 10:09:38,76.02,32.80,4.30,1.12
2021-02-27 10:13:38,75.95,32.28,5.17,0.69
2021-02-27 10:17:38,76.04,32.69,5.37,0.69
2021-02-27 10:21:38,75.90,32.08,4.98,0.75
2021-02-27 10:25:38,75.89,32.41,4.94,0.76
2021-02-27 10:29:38,75.96,32.92,5.20,0.76
2021-02-27 10:33:38,75.89,32.05,5.29,0.69
2021-02-27 10:37:38,76.08,33.07,5.27,0.71
2021-02-27 10:41:38,76.03,32.61,4.98,0.70
2021-02-27 10:45:38,76.06,32.81,5.05,0.75
2021-02-27 10:49:38,75.70,29.58,4.98,0.75
2021-02-27 10:53:38,75.59,28.44,5.10,0.76
2021-02-27 10:57:38,76.10,33.62,5.32,0.83
2021-02-27 11:01:38,75.92,32.32,5.53,0.82
2021-02-27 11:05:38,75.86,32.52,5.66,0.91
2021-02-27 11:09:38,75.80,32.80,5.78,0.87
2021-02-27 11:13:38,75.82,31.44,5.80,0.91
2021-02-27 11:17:38,75.86,32.85,4.40,1.18
2021-02-27 11:21:38,75.70,32.57,4.42,1.17
2021-02-27 11:25:38,75.96,33.21,4.25,1.28
2021-02-27 11:29:38,75.80,32.05,5.39,1.06
2021-02-27 11:33:38,75.81,31.90,4.93,1.34
2021-02-27 11:37:38,75.79,32.36,6.64,1.00
2021-02-27 11:41:38,75.83,32.41,8.58,1.08
2021-02-27 11:45:38,75.91,32.78,5.12,1.55
2021-02-27 11:49:38,75.79,30.39,6.62,0.85
2021-02-27 11:53:38,75.84,32.52,7.62,1.00
2021-02-27 11:57:38,75.97,32.92,4.25,1.44
2021-02-27 12:01:38,76.17,33.35,5.01,1.52
2021-02-27 12:05:38,76.23,33.59,5.90,1.43
2021-02-27 12:09:38,76.02,32.73,5.20,1.47
2021-02-27 12:13:38,76.02,32.65,4.82,1.45
2021-02-27 12:17:38,76.09,33.26,4.98,1.56
2021-02-27 12:21:38,76.15,33.27,6.54,1.37
2021-02-27 12:25:38,76.12,33.16,5.22,1.39
2021-02-27 12:29:38,75.81,32.36,4.66,1.25
2021-02-27 12:33:38,75.65,31.70,4.49,1.41
2021-02-27 12:37:38,75.93,32.96,4.18,1.45
2021-02-27 12:41:38,76.00,33.03,4.73,1.44
2021-02-27 12:45:38,76.10,33.15,5.10,1.48
2021-02-27 12:49:38,75.89,32.62,4.79,1.50
2021-02-27 12:53:38,75.80,32.94,4.82,1.47
2021-02-27 12:57:38,75.96,32.67,6.99,1.45
2021-02-27 13:01:38,75.84,32.79,4.54,1.62
2021-02-27 13:05:38,75.87,32.57,5.73,1.36
2021-02-27 13:09:38,75.80,32.75,4.61,1.57
2021-02-27 13:13:38,76.15,33.33,9.62,1.23
2021-02-27 13:17:38,76.19,33.00,8.61,1.31
2021-02-27 13:21:38,76.25,33.01,11.24,1.33
2021-02-27 13:25:38,76.26,33.46,8.80,1.22
2021-02-27 13:29:38,76.26,32.79,8.75,1.63
2021-02-27 13:33:38,76.30,32.68,15.08,1.39
2021-02-27 13:37:38,76.29,33.38,17.65,1.45
2021-02-27 13:41:38,76.28,33.31,8.70,1.60
2021-02-27 13:45:38,76.30,32.91,9.77,1.45
2021-02-27 13:49:38,76.29,33.25,7.69,1.39
2021-02-27 13:53:38,76.25,32.90,7.64,1.63
2021-02-27 13:57:38,76.29,32.76,10.30,1.49
2021-02-27 14:01:38,76.35,32.76,9.67,1.54
2021-02-27 14:05:38,76.08,32.47,6.40,1.68
2021-02-27 14:09:38,76.32,32.88,6.94,1.42
2021-02-27 14:13:38,76.34,32.87,7.81,1.46
2021-02-27 14:17:38,76.34,32.86,6.94,1.56
2021-02-27 14:21:38,76.20,32.71,5.75,1.72
2021-02-27 14:25:38,76.32,32.93,5.65,1.55
2021-02-27 14:29:38,76.32,33.23,6.96,1.42
2021-02-27 14:33:38,76.25,32.90,6.72,1.49
2021-02-27 14:37:38,76.29,32.86,5.65,1.74
2021-02-27 14:41:38,76.38,32.99,6.09,1.59
2021-02-27 14:45:38,76.39,33.23,5.80,1.70
2021-02-27 14:49:38,76.46,33.14,6.76,1.73
2021-02-27 14:53:38,76.38,32.96,5.73,1.82
2021-02-27 14:57:38,76.42,33.02,5.85,1.78
2021-02-27 15:01:38,76.41,32.96,5.29,1.71
2021-02-27 15:05:38,76.32,32.91,5.39,1.92
2021-02-27 15:09:38,76.43,33.17,5.15,2.29
2021-02-27 15:13:38,75.94,32.65,3.94,1.75
2021-02-27 15:17:38,76.07,32.92,5.06,1.79
2021-02-27 15:21:38,76.15,32.94,5.03,1.94
2021-02-27 15:25:38,76.37,33.22,4.75,1.93
2021-02-27 15:29:38,76.25,33.09,5.29,2.10
2021-02-27 15:33:38,76.06,32.96,7.03,1.97
2021-02-27 15:37:38,76.34,33.24,5.32,2.03
2021-02-27 15:41:38,76.40,33.26,4.73,2.23
2021-02-27 15:45:38,76.07,32.89,6.04,1.93
2021-02-27 15:49:38,76.13,33.06,6.98,1.97
2021-02-27 15:53:38,76.08,32.80,6.24,2.08
2021-02-27 15:57:38,76.11,32.77,4.75,2.17
2021-02-27 16:01:38,76.07,33.23,4.86,2.27
2021-02-27 16:05:38,76.05,32.74,5.56,2.22
2021-02-27 16:09:38,76.10,32.67,6.09,2.04
2021-02-27 16:13:38,76.03,32.90,5.13,2.22
2021-02-27 16:17:38,76.11,33.16,5.36,2.25
2021-02-27 16:21:38,76.20,32.86,6.62,1.97
2021-02-27 16:25:38,76.21,32.92,5.46,2.16
2021-02-27 16:29:38,76.24,32.92,9.12,2.11
2021-02-27 16:33:38,76.29,33.13,7.15,2.19
2021-02-27 16:37:38,76.55,32.53,9.72,1.91
2021-02-27 16:41:38,76.41,32.90,7.86,1.82
2021-02-27 16:45:38,76.44,32.86,6.14,2.02
2021-02-27 16:49:38,76.50,32.61,15.16,1.70
2021-02-27 16:53:38,76.63,32.22,8.68,1.78
2021-02-27 16:57:38,76.69,33.17,7.40,2.08
2021-02-27 17:01:38,76.72,32.70,10.30,1.71
2021-02-27 17:05:38,76.73,32.69,15.30,1.48
2021-02-27 17:09:38,76.67,33.21,10.06,1.62
2021-02-27 17:13:38,76.52,33.27,16.86,1.57
2021-02-27 17:17:38,76.55,33.18,8.58,1.69
2021-02-27 17:21:38,76.63,32.82,13.51,1.53
2021-02-27 17:25:38,76.70,32.97,15.87,1.47
2021-02-27 17:29:38,76.74,32.81,9.53,1.41
2021-02-27 17:33:38,76.59,32.35,7.45,1.90
2021-02-27 17:37:38,76.72,32.83,8.99,1.59
2021-02-27 17:41:38,76.76,32.82,8.41,1.52
2021-02-27 17:45:38,76.62,32.29,7.01,1.78
2021-02-27 17:49:38,76.67,32.79,7.25,1.58
2021-02-27 17:53:38,76.65,32.75,7.08,1.81
2021-02-27 17:57:38,76.72,33.08,7.08,1.73
2021-02-27 18:01:38,76.71,33.09,7.11,1.77
2021-02-27 18:05:38,76.47,32.60,11.62,1.64
2021-02-27 18:09:38,76.50,32.64,5.58,1.94
2021-02-27 18:13:38,76.66,33.12,6.55,1.65
2021-02-27 18:17:38,76.61,33.07,6.86,1.99
2021-02-27 18:21:38,76.62,33.06,6.02,1.74
2021-02-27 18:25:38,76.50,32.72,5.12,1.81
2021-02-27 18:29:38,76.51,32.95,4.77,2.09
2021-02-27 18:33:38,76.40,32.78,4.71,2.20
2021-02-27 18:37:38,76.31,32.69,5.01,1.98
2021-02-27 18:41:38,76.31,32.77,4.40,1.96
2021-02-27 18:45:38,76.15,32.40,4.23,2.06
2021-02-27 18:49:38,76.17,32.57,4.59,2.09
2021-02-27 18:53:38,76.21,32.30,5.34,1.92
2021-02-27 18:57:38,76.19,32.53,10.77,1.81
2021-02-27 19:01:38,76.21,31.95,4.84,1.89
2021-02-27 19:05:38,76.31,32.87,4.25,2.02
2021-02-27 19:09:38,76.19,32.59,4.61,1.87
2021-02-27 19:13:38,76.22,32.67,4.35,1.88
2021-02-27 19:17:38,76.16,32.56,4.71,1.92
2021-02-27 19:21:38,76.19,32.16,5.75,1.82
2021-02-27 19:25:38,76.46,31.74,6.52,1.40
2021-02-27 19:29:38,76.43,32.05,6.28,1.59
2021-02-27 19:33:38,76.37,32.33,6.02,1.70
2021-02-27 19:37:38,76.49,32.63,6.07,1.66
2021-02-27 19:41:38,76.51,32.52,6.33,1.64
2021-02-27 19:45:38,76.52,32.70,6.45,1.64
2021-02-27 19:49:38,76.58,32.96,6.62,1.54
2021-02-27 19:53:38,76.58,32.60,6.64,1.62
2021-02-27 19:57:38,76.55,32.50,6.81,1.54
2021-02-27 20:01:38,76.54,32.74,6.37,1.52
2021-02-27 20:05:38,76.47,32.58,5.85,1.58
2021-02-27 20:09:38,76.44,32.58,5.87,1.62
2021-02-27 20:13:38,76.36,32.88,5.58,1.58
2021-02-27 20:17:38,76.37,33.11,5.63,1.63
2021-02-27 20:21:38,76.42,32.73,5.34,1.63
2021-02-27 20:25:38,76.45,32.86,5.03,1.58
2021-02-27 20:29:38,76.53,32.56,5.39,1.43
2021-02-27 20:33:38,76.69,32.81,6.19,1.34
2021-02-27 20:37:38,76.65,32.27,5.44,1.49
2021-02-27 20:41:38,76.53,31.90,4.87,1.59
2021-02-27 20:45:38,76.59,32.44,4.96,1.52
2021-02-27 20:49:38,76.59,32.70,5.27,1.40
2021-02-27 20:53:38,76.53,32.11,4.39,1.63
2021-02-27 20:57:38,76.44,32.25,4.86,1.72
2021-02-27 21:01:38,76.55,32.89,4.14,1.73
2021-02-27 21:05:38,76.53,32.87,4.51,1.56
2021-02-27 21:09:38,76.57,33.05,4.49,1.54
2021-02-27 21:13:38,76.61,33.02,4.71,1.44
2021-02-27 21:17:38,76.51,32.62,4.40,1.52
2021-02-27 21:21:38,76.62,32.76,4.86,1.37
2021-02-27 21:25:38,76.67,33.24,5.29,1.41
2021-02-27 21:29:38,76.50,32.29,4.25,1.52
2021-02-27 21:33:38,76.52,32.37,4.54,1.35
2021-02-27 21:37:38,76.67,32.77,4.86,1.41
2021-02-27 21:41:38,76.65,32.73,4.55,1.35
2021-02-27 21:45:38,76.68,32.88,4.66,1.43
2021-02-27 21:49:38,76.67,32.89,4.71,1.41
2021-02-27 21:53:38,76.66,32.75,4.86,1.25
2021-02-27 21:57:38,76.67,32.82,4.59,1.26
2021-02-27 22:01:38,76.59,32.35,4.55,1.36
2021-02-27 22:05:38,76.68,32.89,4.68,1.29
2021-02-27 22:09:38,76.68,32.91,4.44,1.32
2021-02-27 22:13:38,76.65,32.79,4.83,1.28
2021-02-27 22:17:38,76.68,32.92,4.64,1.30
2021-02-27 22:21:38,76.64,32.56,4.91,1.32
2021-02-27 22:25:38,76.66,32.68,4.93,1.35
2021-02-27 22:29:38,76.69,32.87,4.80,1.35
2021-02-27 22:33:38,76.68,32.96,4.88,1.32
2021-02-27 22:37:38,76.62,32.52,4.40,1.23
2021-02-27 22:41:38,76.65,32.60,4.59,1.27
2021-02-27 22:45:38,76.65,32.58,4.52,1.21
2021-02-27 22:49:38,76.64,32.53,4.21,1.21
2021-02-27 22:53:38,76.68,32.70,4.47,1.20
2021-02-27 22:57:38,76.66,32.58,4.66,1.24
2021-02-27 23:01:38,76.68,32.72,4.54,1.24
2021-02-27 23:05:38,76.66,32.61,4.38,1.32
2021-02-27 23:09:38,76.64,32.62,4.47,1.31
2021-02-27 23:13:38,76.67,32.74,4.63,1.25
2021-02-27 23:17:38,76.68,32.73,4.52,1.23
2021-02-27 23:21:38,76.66,32.75,4.80,1.25
2021-02-27 23:25:38,76.63,32.69,4.91,1.20
2021-02-27 23:29:38,76.66,32.78,4.82,1.23
2021-02-27 23:33:38,76.64,32.58,5.01,1.24
2021-02-27 23:37:38,76.63,32.37,5.06,1.14
2021-02-27 23:41:38,76.66,32.71,4.84,1.21
2021-02-27 23:45:38,76.61,32.35,4.75,1.22
2021-02-27 23:49:38,76.63,32.33,4.86,1.11
2021-02-27 23:53:38,76.63,32.41,4.45,1.19
2021-02-27 23:57:38,76.64,32.76,4.66,1.22
2021-02-28 00:01:38,76.62,32.55,4.54,1.17
2021-02-28 00:05:38,76.59,32.26,4.51,1.23
2021-02-28 00:09:38,76.63,32.73,4.28,1.13
2021-02-28 00:13:38,76.62,33.14,4.66,1.23
2021-02-28 00:17:38,76.58,32.47,4.66,1.19
2021-02-28 00:21:38,76.61,32.71,4.70,1.19
2021-02-28 00:25:38,76.62,32.79,4.47,1.11
2021-02-28 00:29:38,76.59,32.63,4.28,1.25
2021-02-28 00:33:38,76.59,32.63,4.18,1.20
2021-02-28 00:37:38,76.63,32.84,4.35,1.14
2021-02-28 00:41:38,76.56,32.49,4.52,1.11
2021-02-28 00:45:38,76.62,33.05,4.32,1.18
2021-02-28 00:49:38,76.61,32.68,4.33,1.12
2021-02-28 00:53:38,76.60,32.61,4.23,1.18
2021-02-28 00:57:38,76.59,32.60,4.28,1.18
2021-02-28 01:01:38,76.65,33.14,4.30,1.16
2021-02-28 01:05:38,76.55,32.74,4.28,1.17
2021-02-28 01:09:38,76.58,32.81,4.21,1.13
2021-02-28 01:13:38,76.64,33.03,4.26,1.13
2021-02-28 01:17:38,76.48,32.56,4.07,1.23
2021-02-28 01:21:38,76.52,32.78,3.88,1.30
2021-02-28 01:25:38,76.65,33.10,3.97,1.16
2021-02-28 01:29:38,76.58,32.97,4.23,1.24
2021-02-28 01:33:38,76.59,32.82,3.97,1.14
2021-02-28 01:37:38,76.57,32.89,4.18,1.16
2021-02-28 01:41:38,76.56,32.82,4.02,1.14
2021-02-28 01:45:38,76.54,32.80,4.02,1.12
2021-02-28 01:49:38,76.57,32.82,4.04,1.12
2021-02-28 01:53:38,76.52,32.56,4.35,1.13
2021-02-28 01:57:38,76.59,33.08,4.05,1.07
2021-02-28 02:01:38,76.61,32.96,3.85,1.20
2021-02-28 02:05:38,76.56,32.60,4.14,1.17
2021-02-28 02:09:38,76.58,32.94,4.14,1.14
2021-02-28 02:13:38,76.58,32.97,4.02,1.09
2021-02-28 02:17:38,76.55,32.85,4.18,1.07
2021-02-28 02:21:38,76.50,32.91,4.11,1.08
2021-02-28 02:25:38,76.49,32.89,4.09,1.20
2021-02-28 02:29:38,76.52,33.10,4.16,1.26
2021-02-28 02:33:38,76.51,33.17,4.05,1.24
2021-02-28 02:37:38,76.46,32.83,4.02,1.19
2021-02-28 02:41:38,76.51,33.01,3.99,1.22
2021-02-28 02:45:38,76.51,33.00,3.99,1.24
2021-02-28 02:49:38,76.50,33.01,3.97,1.21
2021-02-28 02:53:38,76.51,33.06,4.16,1.24
2021-02-28 02:57:38,76.52,33.09,3.93,1.18
2021-02-28 03:01:38,76.51,33.03,3.92,1.24
2021-02-28 03:05:38,76.55,33.09,4.23,1.23
2021-02-28 03:09:38,76.48,32.94,3.95,1.21
2021-02-28 03:13:38,76.53,33.13,4.04,1.20
2021-02-28 03:17:38,76.51,33.01,3.93,1.14
2021-02-28 03:21:38,76.49,32.91,4.12,1.24
2021-02-28 03:25:38,76.54,33.04,4.30,1.18
2021-02-28 03:29:38,76.58,33.16,4.16,1.20
2021-02-28 03:33:38,76.54,33.28,4.06,1.20
2021-02-28 03:37:38,76.51,32.99,4.21,1.19
2021-02-28 03:41:38,76.54,33.06,3.97,1.16
2021-02-28 03:45:38,76.53,33.19,3.94,1.20
2021-02-28 03:49:38,76.52,33.23,4.06,1.22
2021-02-28 03:53:38,76.53,33.16,4.18,1.23
2021-02-28 03:57:38,76.53,33.21,4.16,1.20
2021-02-28 04:01:38,76.45,33.07,4.12,1.20
2021-02-28 04:05:38,76.46,33.05,4.04,1.24
2021-02-28 04:09:38,76.45,33.05,3.97,1.16
2021-02-28 04:13:38,76.46,33.13,3.74,1.11
2021-02-28 04:17:38,76.43,32.98,4.06,1.17
2021-02-28 04:21:38,76.49,33.15,4.50,1.13
2021-02-28 04:25:38,76.48,33.14,3.95,1.13
2021-02-28 04:29:38,76.49,33.23,3.80,1.25
2021-02-28 04:33:38,76.41,32.93,4.02,1.19
2021-02-28 04:37:38,76.47,33.13,3.83,1.13
2021-02-28 04:41:38,76.46,33.14,3.95,1.17
2021-02-28 04:45:38,76.46,33.15,3.73,1.17
2021-02-28 04:49:38,76.44,33.06,3.85,1.20
2021-02-28 04:53:38,76.44,33.06,3.66,1.18
2021-02-28 04:57:38,76.42,33.02,3.68,1.06
2021-02-28 05:01:38,76.52,32.97,3.83,1.15
2021-02-28 05:05:38,76.47,33.01,3.70,1.16
2021-02-28 05:09:38,76.44,33.02,4.30,1.09
2021-02-28 05:13:38,76.48,33.23,3.85,1.18
2021-02-28 05:17:38,76.40,33.02,3.76,1.13
2021-02-28 05:21:38,76.38,32.87,3.83,1.08
2021-02-28 05:25:38,76.43,33.13,3.49,1.09
2021-02-28 05:29:38,76.46,33.19,3.73,1.14
2021-02-28 05:33:38,76.41,33.23,4.47,1.09
2021-02-28 05:37:38,76.43,33.13,3.83,1.09
2021-02-28 05:41:38,76.42,33.05,3.50,1.18
2021-02-28 05:45:38,76.38,33.08,5.70,0.88
2021-02-28 05:49:38,76.43,33.13,3.81,0.99
2021-02-28 05:53:38,76.47,33.34,3.59,1.06
2021-02-28 05:57:38,76.40,33.05,3.73,1.02
2021-02-28 06:01:38,76.34,32.92,4.95,1.04
2021-02-28 06:05:38,76.39,33.01,4.14,1.07
2021-02-28 06:09:38,76.43,33.11,3.66,1.06
2021-02-28 06:13:38,76.23,32.53,5.66,0.89
2021-02-28 06:17:38,76.30,32.97,5.25,0.90
2021-02-28 06:21:38,76.28,32.91,5.46,0.87
2021-02-28 06:25:38,76.36,33.28,5.25,0.88
2021-02-28 06:29:38,76.39,33.21,3.76,1.10
2021-02-28 06:33:38,76.39,33.30,5.30,0.90
2021-02-28 06:37:38,76.42,33.47,3.64,1.00
2021-02-28 06:41:38,76.37,33.20,4.86,0.94
2021-02-28 06:45:38,76.35,33.12,3.61,1.18
2021-02-28 06:49:38,76.37,33.22,3.54,1.09
2021-02-28 06:53:38,76.41,33.22,4.68,1.23
2021-02-28 06:57:38,75.96,32.03,5.05,0.89
2021-02-28 07:01:38,76.32,32.95,3.49,1.17
2021-02-28 07:05:38,76.35,33.06,3.45,1.13
2021-02-28 07:09:38,76.32,33.25,4.75,0.89
2021-02-28 07:13:38,76.40,33.31,4.11,0.99
2021-02-28 07:17:38,76.33,33.03,3.56,1.17
2021-02-28 07:21:38,76.40,33.33,3.50,1.14
2021-02-28 07:25:38,76.27,32.87,3.85,0.95
2021-02-28 07:29:38,75.31,29.81,4.54,0.82
2021-02-28 07:33:38,76.31,32.97,3.52,1.04
2021-02-28 07:37:38,75.49,30.74,4.71,0.74
2021-02-28 07:41:38,74.14,26.77,4.73,0.80
2021-02-28 07:45:38,76.09,32.24,4.04,0.94
2021-02-28 07:49:38,76.21,32.81,4.39,0.92
2021-02-28 07:53:38,74.43,27.20,4.50,0.86
2021-02-28 07:57:38,74.43,27.27,4.45,0.87
2021-02-28 08:01:38,74.50,27.52,4.47,0.83
2021-02-28 08:05:38,75.95,32.31,4.30,0.82
2021-02-28 08:09:38,75.94,32.12,4.40,0.82
2021-02-28 08:13:38,74.90,28.49,4.35,0.82
2021-02-28 08:17:38,75.68,31.28,4.37,0.82
2021-02-28 08:21:38,76.01,32.40,4.37,0.83
2021-02-28 08:25:38,76.23,33.00,3.97,0.80
2021-02-28 08:29:38,76.15,32.61,4.17,0.86
2021-02-28 08:33:38,75.69,31.04,4.37,0.75
2021-02-28 08:37:38,75.99,31.92,4.04,0.82
2021-02-28 08:41:38,75.94,31.26,4.21,0.87
2021-02-28 08:45:38,75.86,31.07,4.32,0.87
2021-02-28 08:49:38,76.06,32.35,4.14,1.01
2021-02-28 08:53:38,76.25,32.36,4.93,0.96
2021-02-28 08:57:38,76.13,32.17,4.00,0.93
2021-02-28 09:01:38,76.25,32.56,4.04,0.88
2021-02-28 09:05:38,76.16,32.43,4.11,0.88
2021-02-28 09:09:38,76.14,32.50,4.18,1.01
2021-02-28 09:13:38,76.30,32.36,4.06,1.05
2021-02-28 09:17:38,76.00,32.29,4.05,0.81
2021-02-28 09:21:38,75.00,28.56,4.37,0.67
2021-02-28 09:25:38,75.31,29.93,4.21,0.71
2021-02-28 09:29:38,75.85,31.48,4.28,0.70
2021-02-28 09:33:38,74.88,27.65,4.37,0.76
2021-02-28 09:37:38,74.99,28.04,4.49,0.70
2021-02-28 09:41:38,75.62,30.45,4.24,0.72
2021-02-28 09:45:38,76.23,32.91,4.30,0.82
2021-02-28 09:49:38,76.27,33.04,4.21,0.86
2021-02-28 09:53:38,76.21,32.52,4.30,0.73
2021-02-28 09:57:38,76.32,33.00,4.31,0.74
2021-02-28 10:01:38,76.30,32.78,4.06,0.81
2021-02-28 10:05:38,76.32,33.00,4.25,0.81
2021-02-28 10:09:38,76.34,32.72,3.88,0.90
2021-02-28 10:13:38,76.33,33.05,3.85,0.97
2021-02-28 10:17:38,76.31,32.72,4.14,0.52
2021-02-28 10:21:38,76.36,32.94,3.88,0.85
2021-02-28 10:25:38,76.46,33.08,3.71,0.87
2021-02-28 10:29:38,76.34,32.67,4.02,0.63
2021-02-28 10:33:38,75.84,29.98,4.02,0.55
2021-02-28 10:37:38,75.90,29.89,4.18,0.54
2021-02-28 10:41:38,76.31,32.79,3.93,0.57
2021-02-28 10:45:38,76.35,32.37,4.02,0.64
2021-02-28 10:49:38,76.41,33.13,3.87,0.93
2021-02-28 10:53:38,76.44,32.81,4.07,0.55
2021-02-28 10:57:38,76.38,33.05,4.00,0.58
2021-02-28 11:01:38,76.33,32.57,4.02,0.62
2021-02-28 11:05:38,75.86,28.14,4.21,0.59
2021-02-28 11:09:38,76.42,33.20,3.90,0.89
2021-02-28 11:13:38,76.38,32.84,3.76,0.75
2021-02-28 11:17:38,76.39,32.60,4.52,0.65
2021-02-28 11:21:38,76.15,30.17,4.30,0.58
2021-02-28 11:25:38,76.39,32.42,4.23,0.85
2021-02-28 11:29:38,76.42,32.78,4.02,0.79
2021-02-28 11:33:38,76.43,32.59,3.90,0.74
2021-02-28 11:37:38,76.47,32.71,4.66,0.58
2021-02-28 11:41:38,76.48,32.88,4.06,0.62
2021-02-28 11:45:38,76.45,32.94,3.78,0.81
2021-02-28 11:49:38,76.31,30.29,3.85,0.65
2021-02-28 11:53:38,76.27,30.87,3.95,0.55
2021-02-28 11:57:38,76.21,29.46,4.09,0.61
2021-02-28 12:01:38,76.46,33.33,3.97,0.93
2021-02-28 12:05:38,76.51,32.66,3.92,0.80
2021-02-28 12:09:38,76.52,32.62,4.02,0.69
2021-02-28 12:13:38,76.57,32.99,3.80,1.09
2021-02-28 12:17:38,76.57,33.04,4.21,0.93
2021-02-28 12:21:38,76.61,33.20,3.92,1.08
2021-02-28 12:25:38,76.41,31.94,3.80,0.82
2021-02-28 12:29:38,76.60,33.06,3.95,1.16
2021-02-28 12:33:38,76.50,32.56,3.83,0.99
2021-02-28 12:37:38,76.57,32.95,3.78,0.74
2021-02-28 12:41:38,76.57,32.83,3.87,0.85
2021-02-28 12:45:38,76.48,32.45,3.71,1.09
2021-02-28 12:49:38,76.47,32.43,3.76,1.10
2021-02-28 12:53:38,76.52,32.62,3.90,1.16
2021-02-28 12:57:38,76.59,32.87,3.80,0.82
2021-02-28 13:01:38,76.57,32.55,3.59,1.08
2021-02-28 13:05:38,76.57,32.61,3.52,1.14
2021-02-28 13:09:38,76.67,33.01,3.61,1.35
2021-02-28 13:13:38,76.70,33.07,3.52,1.20
2021-02-28 13:17:38,76.66,32.69,3.83,1.25
2021-02-28 13:21:38,76.69,32.92,4.16,1.21
2021-02-28 13:25:38,76.71,33.04,3.92,1.25
2021-02-28 13:29:38,76.67,32.38,3.85,0.86
2021-02-28 13:33:38,76.74,32.99,3.78,1.42
2021-02-28 13:37:38,76.70,32.91,3.87,1.20
2021-02-28 13:41:38,76.70,32.92,3.80,1.23
2021-02-28 13:45:38,76.85,32.87,3.64,1.31
2021-02-28 13:49:38,76.77,32.87,3.76,1.24
2021-02-28 13:53:38,76.78,32.87,3.97,1.15
2021-02-28 13:57:38,76.84,32.73,3.66,0.99
2021-02-28 14:01:38,76.83,32.81,3.49,1.12
2021-02-28 14:05:38,76.86,33.05,3.59,1.22
2021-02-28 14:09:38,76.92,32.38,3.57,1.26
2021-02-28 14:13:38,76.91,32.68,3.33,1.22
2021-02-28 14:17:38,76.95,32.76,3.44,1.16
2021-02-28 14:21:38,76.93,32.71,3.27,1.13
2021-02-28 14:25:38,77.03,32.43,3.64,1.24
2021-02-28 14:29:38,76.91,33.07,3.31,1.18
2021-02-28 14:33:38,77.04,32.54,3.26,1.08
2021-02-28 14:37:38,77.03,32.79,3.21,1.22
2021-02-28 14:41:38,76.92,33.08,3.56,1.17
2021-02-28 14:45:38,76.88,33.05,3.31,1.16
2021-02-28 14:49:38,76.95,32.95,3.50,1.26
2021-02-28 14:53:38,76.91,33.16,3.47,1.36
2021-02-28 14:57:38,76.89,33.20,3.56,1.29
2021-02-28 15:01:38,76.90,33.18,3.23,1.24
2021-02-28 15:05:38,76.97,33.08,3.33,1.33
2021-02-28 15:09:38,77.08,32.68,3.35,1.18
2021-02-28 15:13:38,77.05,32.97,3.33,1.12
2021-02-28 15:17:38,76.96,33.18,3.19,1.25
2021-02-28 15:21:38,76.96,33.22,3.35,1.35
2021-02-28 15:25:38,77.01,33.06,3.33,1.41
2021-02-28 15:29:38,77.04,32.91,3.38,1.26
2021-02-28 15:33:38,76.98,33.14,3.26,1.53
2021-02-28 15:37:38,76.98,32.91,3.49,1.51
2021-02-28 15:41:38,77.01,32.76,3.45,1.30
2021-02-28 15:45:38,76.98,33.13,3.42,1.72
2021-02-28 15:49:38,77.02,32.49,3.37,1.40
2021-02-28 15:53:38,76.99,32.90,3.68,1.51
2021-02-28 15:57:38,76.91,33.29,3.52,1.69
2021-02-28 16:01:38,76.96,33.04,3.44,1.76
2021-02-28 16:05:38,77.04,33.13,3.52,1.72
2021-02-28 16:09:38,77.01,33.06,3.66,1.52
2021-02-28 16:13:38,76.95,33.35,3.38,1.81
2021-02-28 16:17:38,77.00,32.99,3.64,1.73
2021-02-28 16:21:38,76.97,33.28,3.57,1.79
2021-02-28 16:25:38,77.09,33.16,3.24,1.65
2021-02-28 16:29:38,77.07,32.47,3.42,1.39
2021-02-28 16:33:38,77.00,32.43,3.59,1.19
2021-02-28 16:37:38,76.89,33.14,3.73,2.26
2021-02-28 16:41:38,76.95,32.90,3.92,1.59
2021-02-28 16:45:38,77.07,31.06,3.71,1.16
2021-02-28 16:49:38,77.00,32.18,3.78,1.08
2021-02-28 16:53:38,77.16,30.41,3.80,1.22
2021-02-28 16:57:38,77.24,29.50,3.78,1.14
2021-02-28 17:01:38,77.02,32.53,3.85,1.11
2021-02-28 17:05:38,77.26,29.66,4.04,1.17
2021-02-28 17:09:38,77.37,29.02,3.78,1.14
2021-02-28 17:13:38,77.31,28.97,3.80,1.17
2021-02-28 17:17:38,77.35,28.77,3.87,1.13
2021-02-28 17:21:38,77.45,28.63,4.04,1.22
2021-02-28 17:25:38,77.34,29.84,4.04,1.29
2021-02-28 17:29:38,77.20,29.79,4.02,1.19
2021-02-28 17:33:38,77.20,28.77,3.83,1.20
2021-02-28 17:37:38,77.23,28.29,4.11,1.16
2021-02-28 17:41:38,77.07,32.40,4.23,1.28
2021-02-28 17:45:38,77.11,28.94,4.28,1.26
2021-02-28 17:49:38,77.13,27.73,4.14,1.24
2021-02-28 17:53:38,77.11,28.04,4.28,1.27
2021-02-28 17:57:38,77.14,27.54,4.37,1.24
2021-02-28 18:01:38,77.14,27.84,4.38,1.24
2021-02-28 18:05:38,77.10,27.59,4.47,1.24
2021-02-28 18:09:38,77.17,27.76,4.56,1.20
2021-02-28 18:13:38,77.04,28.99,4.56,1.29
2021-02-28 18:17:38,76.96,33.10,4.40,1.60
2021-02-28 18:21:38,77.00,32.48,4.59,1.37
2021-02-28 18:25:38,76.99,29.98,4.68,1.38
2021-02-28 18:29:38,77.04,32.41,4.54,1.41
2021-02-28 18:33:38,77.02,31.03,4.82,1.42
2021-02-28 18:37:38,76.96,32.50,4.75,1.42
2021-02-28 18:41:38,76.99,27.97,5.44,1.45
2021-02-28 18:45:38,76.94,29.99,4.66,1.52
2021-02-28 18:49:38,76.92,27.14,4.73,1.49
2021-02-28 18:53:38,76.97,29.11,4.71,1.48
2021-02-28 18:57:38,77.00,27.43,4.66,1.41
2021-02-28 19:01:38,76.95,29.68,4.73,1.46
2021-02-28 19:05:38,76.90,27.83,4.59,1.71
2021-02-28 19:09:38,76.86,32.72,4.86,1.53
2021-02-28 19:13:38,76.93,29.57,4.82,1.55
2021-02-28 19:17:38,76.97,32.61,5.06,1.55
2021-02-28 19:21:38,76.92,32.18,4.89,1.45
2021-02-28 19:25:38,76.88,30.32,4.96,1.50
2021-02-28 19:29:38,76.95,32.22,4.91,1.48
2021-02-28 19:33:38,76.85,30.51,4.84,1.56
2021-02-28 19:37:38,76.76,27.48,4.89,1.43
2021-02-28 19:41:38,76.75,26.75,4.91,1.42
2021-02-28 19:45:38,76.91,31.96,4.82,1.40
2021-02-28 19:49:38,76.94,33.10,4.28,1.56
2021-02-28 19:53:38,76.91,32.95,4.46,1.63
2021-02-28 19:57:38,76.82,31.16,4.80,1.39
2021-02-28 20:01:38,76.90,32.97,5.10,1.34
2021-02-28 20:05:38,76.90,32.51,4.84,1.41
2021-02-28 20:09:38,76.59,27.30,4.93,1.41
2021-02-28 20:13:38,76.77,31.14,5.27,1.35
2021-02-28 20:17:38,76.67,29.75,5.32,1.37
2021-02-28 20:21:38,76.74,30.55,5.44,1.30
2021-02-28 20:25:38,76.93,33.19,4.96,1.46
2021-02-28 20:29:38,76.76,31.65,5.56,1.31
2021-02-28 20:33:38,76.89,32.89,5.36,1.37
2021-02-28 20:37:38,76.95,33.41,5.35,1.49
2021-02-28 20:41:38,76.66,29.91,5.51,1.40
2021-02-28 20:45:38,76.92,33.13,3.85,1.86
2021-02-28 20:49:38,76.91,32.79,5.44,1.43
2021-02-28 20:53:38,76.89,33.24,5.54,1.34
2021-02-28 20:57:38,76.85,31.93,5.78,1.35
2021-02-28 21:01:38,76.50,28.22,5.75,1.34
2021-02-28 21:05:38,76.88,32.76,4.84,1.52
2021-02-28 21:09:38,76.31,27.37,5.89,1.36
2021-02-28 21:13:38,76.78,32.69,5.44,1.41
2021-02-28 21:17:38,76.77,32.06,5.90,1.31
2021-02-28 21:21:38,76.79,32.47,5.56,1.37
2021-02-28 21:25:38,76.80,32.78,6.14,1.30
2021-02-28 21:29:38,76.79,32.62,5.80,1.27
2021-02-28 21:33:38,76.80,32.69,5.42,1.30
2021-02-28 21:37:38,76.22,27.10,5.44,1.25
2021-02-28 21:41:38,76.86,33.04,4.75,1.37
2021-02-28 21:45:38,76.85,33.04,4.98,1.36
2021-02-28 21:49:38,76.43,28.69,5.07,1.42
2021-02-28 21:53:38,76.33,28.75,5.22,1.34
2021-02-28 21:57:38,76.33,28.56,5.10,1.45
2021-02-28 22:01:38,76.38,28.99,5.24,1.33
2021-02-28 22:05:38,76.61,31.57,5.29,1.37
2021-02-28 22:09:38,76.19,27.41,5.13,1.35
2021-02-28 22:13:38,76.37,28.93,5.39,1.39
2021-02-28 22:17:38,76.60,31.12,5.58,1.32
2021-02-28 22:21:38,76.82,32.83,5.82,1.37
2021-02-28 22:25:38,76.71,32.25,6.49,1.30
2021-02-28 22:29:38,76.57,31.07,7.23,1.32
2021-02-28 22:33:38,75.94,26.93,7.74,1.30
2021-02-28 22:37:38,76.83,32.97,8.29,1.37
2021-02-28 22:41:38,76.81,32.85,8.95,1.25
2021-02-28 22:45:38,76.78,32.65,7.79,1.37
2021-02-28 22:49:38,76.81,32.85,6.19,1.48
2021-02-28 22:53:38,76.92,33.18,3.59,1.52
2021-02-28 22:57:38,76.89,33.00,3.45,1.55
2021-02-28 23:01:38,76.87,32.75,3.38,1.48
2021-02-28 23:05:38,76.86,32.71,3.26,1.47
2021-02-28 23:09:38,76.89,32.95,3.50,1.65
2021-02-28 23:13:38,76.77,32.22,4.42,1.48
2021-02-28 23:17:38,76.82,32.60,6.57,1.29
2021-02-28 23:21:38,76.84,32.75,7.16,1.26
2021-02-28 23:25:38,76.85,32.89,6.24,1.28
2021-02-28 23:29:38,76.79,32.63,6.57,1.23
2021-02-28 23:33:38,76.89,33.18,5.35,1.47
2021-02-28 23:37:38,76.84,33.00,5.75,1.28
2021-02-28 23:41:38,76.89,33.24,4.64,1.49
2021-02-28 23:45:38,76.89,33.21,5.99,1.23
2021-02-28 23:49:38,76.83,32.91,5.73,1.28
2021-02-28 23:53:38,76.89,33.23,5.32,1.29
2021-02-28 23:57:38,76.89,33.07,4.98,1.40
